0
2
3
8
9
11
13
14
18
19
21
22
23
25
26
27
34
35
36
37
38
41
42
43
44
46
47
48
49
51
52
53
54
55
56
57
58
59
61
63
64
65
68
69
70
72
73
75
76
78
79
82
84
85
86
87
88
89
90
91
92
93
95
96
97
99
101
104
106
108
109
110
111
112
115
118
119
120
121
123
128
129
130
131
132
134
135
136
138
139
141
142
143
145
146
148
150
151
152
154
157
158
159
160
161
162
164
165
168
171
173
174
175
176
180
181
182
183
184
185
187
188
189
191
192
193
195
196
197
198
199
200
201
204
206
207
210
212
214
215
217
218
220
223
224
232
237
238
239
240
242
243
244
245
246
247
250
257
258
259
260
261
264
267
269
271
274
275
278
280
281
286
288
289
291
292
293
296
299
303
304
309
311
312
314
316
320
330
333
344
346
347
349
352
355
358
360
362
365
370
372
373
375
377
379
381
384
386
388
389
390
392
393
394
404
407
408
410
411
413
417
418
419
420
422
423
424
425
426
432
434
436
444
445
447
448
460
463
464
466
470
471
473
489
490
495
496
498
499
500
507
515
526
527
528
534
535
544
545
549
550
551
554
561
567
570
571
577
579
582
589
595
600
602
603
608
613
616
618
621
624
629
639
649
654
659
662
665
667
671
672
676
678
680
681
686
687
692
695
696
699
701
703
711
716
720
730
741
748
753
755
756
761
766
768
770
771
775
776
778
779
785
792
794
799
802
804
808
815
816
823
827
828
833
835
855
857
861
869
871
872
875
877
878
879
883
884
891
894
895
896
900
903
907
908
912
919
920
921
923
927
930
931
938
939
940
941
946
947
952
955
961
967
968
969
971
975
976
977
985
988
991
997
998
1004
1011
1012
1016
1019
1020
1021
1030
1032
1036
1039
1042
1047
1053
1054
1056
1057
1058
1061
1062
1066
1072
1075
1080
1085
1088
1090
1093
1094
1098
1108
1109
1114
1115
1118
1122
1123
1125
1126
1134
1138
1140
1152
1153
1156
1157
1160
1161
1166
1174
1178
1182
1193
1194
1200
1201
1202
1211
1216
1221
1226
1230
1246
1252
1254
1258
1262
1266
1267
1268
1269
1297
1303
1304
1307
1308
1312
1314
1317
1318
1323
1325
1326
1329
1333
1336
1337
1338
1339
1353
1361
1362
1363
1365
1367
1376
1383
1389
1396
1406
1410
1412
1418
1419
1423
1426
1427
1431
1434
1437
1441
1450
1452
1454
1459
1461
1466
1469
1479
1481
1484
1485
1490
1492
1493
1497
1498
1499
1501
1506
1507
1514
1517
1518
1530
1532
1538
1542
1548
1556
1559
1560
1561
1562
1565
1567
1572
1574
1577
1578
1586
1599
