0.9904299981240888
0.9323296536676957
0.9312232922882999
0.9190622698024752
0.9700767046954416
0.98417609691657
0.9652557293711893
0.9845156788214784
0.9669434496852555
0.9828026795010633
0.8077932605278761
0.9534084802266807
0.9752389072451955
0.9693081615259301
0.7612825489583614
0.9759186053943076
0.8885911095575313
0.9766503857928456
0.9128693613928559
0.9069082503664361
0.9652762749918056
0.9693393116166482
0.6591487229434093
0.8891064026901222
0.962039402551559
0.91070491067928
0.8880306932118618
0.8680565060577697
0.9672704008695927
0.9118210553316217
0.910145510693384
0.7177249170833989
0.9081579948984712
0.9481408723299424
0.9657614850957871
0.8377647634635011
0.9229248068537018
0.8955353128243889
0.9723661110065446
0.972805638874892
0.7740953654379594
0.8269338677165907
0.8510914434390503
0.9289978065286213
0.9651815738277216
0.9511501616204484
0.9142143124327914
0.9402192168140681
0.8251876698004406
0.8844695535572249
0.8376299877493255
0.9794258994075915
0.9589723588393517
0.9678193848783536
0.9455664256880241
0.5648043203599895
0.9539968373227143
0.8982466453847381
0.9704637349445254
0.9774534371016536
0.926069639629159
0.6753818538845446
0.9052286166974906
0.9671039006350166
0.9350083987969866
0.9399396949070348
0.9454403370385255
0.9123617556193858
0.9076822938626519
0.8835197189726123
0.9364041100666027
0.9541048598498397
0.9472258835122536
0.9283999602266866
0.19037225907543465
0.947708109171806
0.9044089950401151
0.9451503928815862
0.9445899578532744
0.9697597523362701
0.9755983029144932
0.9538026504971155
0.9709799124701393
0.9436904294576639
0.9183878652327543
0.9861634574265826
0.9469323001598121
0.9792697525113485
0.9852960385218663
0.9799966341181792
0.9559913614168529
0.922493626974831
0.9661945826684917
0.4713931822738263
0.6807944890015283
0.9034448597585376
0.944632572835093
0.7876665044775228
0.9543558880871368
0.9757621683215543
0.9550566149967806
0.9891197743767841
0.9632052452508644
0.9777780383713811
0.9670273029425949
0.9366519644144524
0.9496314666195739
0.9590823279032231
0.8840764426228336
0.9349569926971206
0.9387879755425549
0.9285479881790909
0.9701534213299337
0.8745740983587834
0.9106118977471843
0.9416604100982
0.9657653195364189
0.9433431095773533
0.9727549236885235
0.9013333077386739
0.9237100110878238
0.93298900699341
0.9767564851252545
0.9390995669616045
0.9322508645448632
0.6988959640533505
0.9023930859781503
0.9568774087254458
0.9663969088668699
0.9585668458257885
0.9711530993061185
0.9768453161871627
0.9043392603618341
0.958216970711825
0.5938373193453265
0.8967548689352376
0.8789805130590986
0.9795352951541128
0.9712986457848763
0.9752588599125558
0.6251118980758549
0.9775311964738667
0.9789806072048076
0.9352491747634964
0.9497789312890863
0.9558617162312174
0.9778451529844169
0.9462859631641604
0.9658705897810629
0.9405269948097389
0.4455523669356507
0.9442498650259575
0.8966366248057598
0.9874614394855984
0.9597018210172604
0.9644028782822032
0.9819859740710086
0.8828760990838089
0.9443693788697661
0.9820199640205076
0.983196405526783
0.9675405113464739
0.9499959165552223
0.8868457594701366
0.9629519282781366
0.9499759886130479
0.39542716048595683
0.9637213624347373
0.9561276634775895
0.96885058055883
0.8418228840838046
0.9700555573966877
0.9600484206565678
0.9548297621699682
0.9051128741238872
0.9463238348712955
0.9444643783341428
0.37220399384281355
0.9866088139851175
0.691125405070748
0.9406474700365518
0.8653379188854382
0.9030406455817933
0.8152438581786204
0.8983335930659379
0.9175425680415594
0.9472090582297382
0.9846789427828717
0.9564977726166439
0.7550209639800854
0.9624766466638859
0.974675517390501
0.9442132036569154
0.9344104530939855
0.8471652153079409
0.8687993766226236
0.9284318353305119
0.9028746211329263
0.8666433498903138
0.9303497561539512
0.8855872235473776
0.7526973921011942
0.9435688916165405
0.35000273107419744
0.9671804166346739
0.9121296955865238
0.950232598382973
0.8732528526253811
0.9024051933705725
0.9414548630499007
0.9569713372586621
0.9837119741944196
0.9528507749122441
0.9481809153191727
0.848670826447749
0.968354961121046
0.9663457092962258
0.9862142294613471
0.8966201537368822
0.9437550875234934
0.8705013815592281
0.9166984756165688
0.9556058189365856
0.8907152425761584
0.9677489012098733
0.8698451660409778
