0.9897921515672057
0.7351660535203436
0.7370690799193849
0.9290979227382127
0.8889126565138493
0.9634623729429891
0.9123308060312706
0.9698176589611011
0.9428133627216942
0.8688425193398033
0.8326043246590303
0.9382808304442157
0.9843580347904878
0.8707190434148586
0.9332436601517254
0.9469940228704348
0.8496817357847478
0.9771567039373718
0.9610517562888272
0.7730426468531331
0.9755765540704916
0.9716161816632901
0.581323011398599
0.9769086916880125
0.966961890711601
0.955753213661066
0.9710918830805065
0.9282257581003526
0.9682175500759397
0.9605881483496685
0.953297071516009
0.971942430060444
0.26321243210148754
0.9640593269419705
0.9599008602310845
0.795703759432693
0.9216802493651218
0.9795848748549162
0.9854353643945908
0.9687159705131723
0.7955221834158712
0.450944592791252
0.5981269252083808
0.8013113434429545
0.9590613627277549
0.8347803872057531
0.460391517681562
0.8420234846832931
0.8624466158491787
0.9282154271683389
0.6887109441478394
0.8571689308579866
0.9670929417282051
0.9272865069974857
0.7170037928069896
0.5945188892176494
0.8583602661679747
0.7790944579686829
0.9534056220840661
0.9709845221343751
0.9116258514160926
0.6998289812834027
0.4850066644987281
0.9170269615455158
0.878183279481545
0.9668613468166399
0.8759902397858493
0.891465750958879
0.9538691533503353
0.9814656600463246
0.9062943489811198
0.933722316619881
0.9547115934594249
0.46489009906602263
0.8599231969597985
0.9557780890224791
0.9738046516055989
0.9726651414200214
0.782499461470127
0.9500913888832697
0.9716206559437827
0.9095745847081986
0.9221030337487204
0.9491687529428502
0.81852011559826
0.9843816302412528
0.9502827321194347
0.9635288566632626
0.9719313362974027
0.9791245661789594
0.4442154104312953
0.8581110116548428
0.9597537572726592
0.5039358227483322
0.5528644555161815
0.7912969401596142
0.9362032841743295
0.677488991236337
0.9144948759464195
0.9716420565205874
0.9606528355760635
0.9779922698425604
0.983059778479185
0.983396790954272
0.7506154293592081
0.9343124825659851
0.8577916815254824
0.8601213782702123
0.8539594743366179
0.9355411892784506
0.9551384391816568
0.789395392607981
0.9750278675899793
0.8567206671776068
0.8515031041800238
0.9116589196445198
0.9243323780363757
0.8902884303878135
0.8159559187385808
0.9021218918057828
0.9126697936865882
0.914906323873546
0.9760482683252873
0.9593333779363382
0.9237018312325861
0.9285645391157037
0.9266628796986561
0.7742292320540201
0.9452513020824969
0.7482796171790321
0.9709601785413526
0.9764935584374519
0.9842702129913168
0.8999601920625421
0.8747436199247202
0.7771218834202287
0.9433106832361122
0.9788486478446153
0.895183114344135
0.9682305462910094
0.7637410291472946
0.9783886739518658
0.9736401254778914
0.7792531095482904
0.047816594452180394
0.7540206099249978
0.9731248387883851
0.9392440391846323
0.9615636820007019
0.8948213303758299
0.9033638887680132
0.9369788672308885
0.816987722923254
0.9902342675132147
0.9350803314574276
0.950476679168289
0.9727168158924943
0.9098479602801458
0.8931783196604142
0.943712672279951
0.9408473483932802
0.9013562153128584
0.8782954150236296
0.035541991001283246
0.8054495325935787
0.24834026316239755
0.34899509703517667
0.9855208056208814
0.8578113964137364
0.9691627128588399
0.7113725905980195
0.9766368876690262
0.9407509350634836
0.85469563884632
0.9215038250300076
0.8400342681847001
0.7794911627654654
0.9667586595731475
0.9876839493723315
0.9775432099396382
0.9830870505489423
0.8703738751283487
0.96628620616647
0.5948849948755763
0.6173617024392365
0.8999753704209315
0.9033611057823387
0.9884188143177598
0.9194617374118649
0.8728306419647135
0.9780640782535961
0.9674635756009317
0.9772796061875815
0.913842910195377
0.9069660534766206
0.702697093708326
0.9521832676019297
0.936517671611913
0.9585347273636405
0.9571600095112094
0.9769160828554877
0.7098009152379579
0.8649787116875577
0.337953821490687
0.9751803565516268
0.9355805812753918
0.9043907702914749
0.43354599837625196
0.8778303625466364
0.9854552530923752
0.8020975861413422
0.9850940993968589
0.7922481830744661
0.8230864891031247
0.9217570016323481
0.9827569664617948
0.9370621960096723
0.9207083386777928
0.19459540918253043
0.7840401892320774
0.1531006008090145
0.8762527778804136
0.9502955915789437
0.9648994079261104
0.9357618617810886
0.8106839176258828
