0.9916009555220132
0.19999448453114474
0.9518795659208573
0.9237430221640965
0.04628739787621903
0.9647683462275967
0.9104550218293184
0.9888297658813958
0.7981454853138797
0.9251430882035357
0.7003769257555447
0.7581851588465578
0.9116564086497722
0.8844428131964298
0.9390713386046527
0.9725157079234285
0.7774348936357991
0.909040101992026
0.9414940450426562
0.9291048016107638
0.9735900999247463
0.9721399828241178
0.7017077496534327
0.9686342047011006
0.9725639960398279
0.9650980732845639
0.9720260699226716
0.919629486624438
0.9748639115996606
0.9304994312330205
0.8215175694466468
0.9723960766644001
0.7628594664146718
0.9688051939512743
0.9433224782777213
0.6993800559550636
0.7599167950248804
0.9785916111173592
0.9862426477504345
0.9646571756798729
0.8539070887336778
0.7479087135187309
0.8894392796037377
0.8239850343005041
0.8405851078653366
0.8402391941315843
0.771099242169746
0.8867836911906838
0.8506483205040645
0.8241200763982284
0.7626584373877899
0.857113647566888
0.9645793919555903
0.970607816757492
0.6780892264718937
0.6925846890654624
0.6078761011807892
0.7454339273456799
0.9352260984676076
0.9739482239462759
0.8997523147699396
0.6843350318101873
0.7646798356491654
0.9169348044365514
0.8365469893086523
0.9430894528753048
0.9504579342408417
0.902892373850768
0.9616229855693946
0.9736844885231839
0.2788343492793005
0.9483925951688087
0.9557042956075305
0.8843453830611818
0.8778965078116228
0.9338788755569306
0.9725395928440389
0.9550392156095099
0.09469868870840269
0.9530037130890147
0.9556538912221723
0.9306523262719041
0.9043198582300082
0.8815879458011959
0.697889305999457
0.9831267273414335
0.9521417370157962
0.9888360985232394
0.9801359915361157
0.9742715597515932
0.7141468530173789
0.6341682324102459
0.8309358768140138
0.500589979239473
0.9224189956209352
0.7942441715550443
0.9395001171340777
0.6870129593385271
0.9321274685133859
0.9675663467020781
0.947542856000484
0.9759044254928334
0.9537926068018432
0.9710841125202597
0.9788030135180282
0.9300240236896969
0.8996716896867911
0.8643028030158697
0.8529777337781295
0.7792628619442579
0.9094344066435939
0.7906100560108765
0.9696638960500354
0.845052869837457
0.7578368860968889
0.9062773290163678
0.8970546043570831
0.8417439726492242
0.8123831094381219
0.9051978342281514
0.8988948834239534
0.9086291629356213
0.9777786905324579
0.9559115087263033
0.9157510327335125
0.8892663995741725
0.8705331743119852
0.8370339492102336
0.950541567590035
0.7651185852701484
0.9789071731489004
0.9748981357471435
0.9668941453731549
0.900741125646325
0.6187848706559164
0.7793695073210659
0.9321253294339391
0.9543214840854201
0.9743595558891613
0.9713767200658191
0.6695265484573363
0.9707750560241442
0.9309820814228936
0.7342739987986878
0.5255556191078132
0.7768140400927847
0.8538119715559245
0.9425600212543455
0.9432227685641279
0.9272053002616948
0.8871646118134178
0.884959030427016
0.7999369141801992
0.8947583232342461
0.9285974381107
0.9565094985465495
0.9054883365544577
0.8967149803014596
0.5768685895808501
0.9657018560136196
0.9499072839078382
0.6055182670788254
0.8009111304364303
0.8555112062634957
0.8967072984868723
0.9369437639014379
0.41700937440541475
0.9851672058440362
0.8471757872729685
0.06820661043113502
0.722455452476556
0.9828532902837509
0.9204692807596565
0.8315224907875721
0.266554034201093
0.7802555367646317
0.15148929729228586
0.9693359055929663
0.9847377271003591
0.76446366247982
0.9512869734237086
0.945050671038239
0.967976525527314
0.7482792092690354
0.8996865823162912
0.8397076035312097
0.7600021430559144
0.9863545340322991
0.8618176410623639
0.35703075721780103
0.9688923559416339
0.972631998366748
0.9725897232666086
0.8912920062385046
0.8851324803443533
0.675294713000248
0.7771926452994105
0.9377765653867642
0.9426034266260279
0.9562863360551557
0.9740964371404985
0.7926937241775828
0.8620905731545818
0.8380320435498003
0.9695909249631369
0.8842046327611244
0.9029232735148307
0.9299658640572295
0.3264463744923185
0.9832093735978308
0.7951406294119687
0.9853150345440616
0.85910554874414
0.8491315889449664
0.8699997565651203
0.9335543428906752
0.9388934072677655
0.9177424628639871
0.8082407685460142
0.23290855567113208
0.4113503362744312
0.10311018833451965
0.9437321700248326
0.9616216672936965
0.9486263578567244
0.6078449937137931
