0.9894804845476703
0.7231715550811038
0.7365601616280414
0.9244344919531295
0.8888746661280558
0.9645981193176921
0.7678590207565476
0.9627632027807029
0.9555608955773385
0.8697884285637335
0.7461423838500304
0.9115702162288756
0.9838134898901401
0.922720519565664
0.9332549412124658
0.9177693434748783
0.8326489420255425
0.9783810844313425
0.9836573520057574
0.7295534119127489
0.9774770484777681
0.9712934832720546
0.5808329944934241
0.9755767659084855
0.9668452935892151
0.9553689882705982
0.9576469013989506
0.9289291995763744
0.9735860757697359
0.9589453224936926
0.9509140920986231
0.9720629296055024
0.755917734979495
0.9638466435820108
0.944229407883526
0.7436624000658022
0.9251548127331491
0.9822802052714048
0.9852477804945438
0.9693192056008492
0.8645295163483891
0.47250279487549757
0.5984868306033928
0.8097645019269315
0.9590651321232213
0.840529808809566
0.795077918314856
0.8401278751601781
0.894233998935781
0.9232053320764648
0.47719141346959737
0.8573604686630025
0.9702237607205361
0.9413764340988017
0.7129835540516383
0.5104040751332198
0.8488334168504253
0.7710000353907233
0.9595151911872554
0.9676198368652547
0.8939460334860514
0.7011437363566686
0.8519240778893087
0.9171931741129222
0.8749789455640639
0.9667595135139168
0.9141409682117861
0.8303827270028671
0.9500026856714705
0.9814491699036393
0.8912441252463819
0.9290539938990705
0.9545853084678918
0.9055821341504758
0.841074249690407
0.9632394348878189
0.9745699081106448
0.9529083658059955
0.7782275654593741
0.9526726165815027
0.9709229705283153
0.9136961946657141
0.9229307606356943
0.8847112490209218
0.8274055158162917
0.9842603094271172
0.9511616279384107
0.9867784292178059
0.973502879190413
0.9776638182157572
0.8453913112347319
0.8719376125233392
0.9584935190346613
0.5040780876210376
0.929408112887762
0.7100252080227263
0.4313524444726298
0.6729977728384116
0.9101834745429017
0.9700792133675462
0.9486804899783233
0.983499095371755
0.9821278019533913
0.9842244099999216
0.7550356234292803
0.9256907731204599
0.9084117693947127
0.8601218363328734
0.8511966648712564
0.9358503680180208
0.9544439482497796
0.7892640932736734
0.9741673057496347
0.8568779487170874
0.8796384729893644
0.9108037914512095
0.9279295988165063
0.8710346608872536
0.829336978496582
0.9023128868660213
0.9088773487506381
0.9124080044782074
0.9793107868861743
0.960589458914847
0.9162629839146909
0.9116315404115964
0.9191741255172204
0.7857944767338414
0.9458756524571746
0.7577700417384625
0.9706736413783987
0.9768335784535344
0.9829778614755994
0.9018286022743934
0.7048599132001323
0.7777845999591344
0.9370350073877891
0.9784807078634434
0.9074836253468961
0.9690569820803395
0.7514496209770153
0.978949041475843
0.9738505822167985
0.7647358392841701
0.6250984811396527
0.7729943360442085
0.9685714477148144
0.939236594782724
0.9578050934367368
0.8189260908049355
0.954225985661771
0.9339471666732113
0.8450637284597842
0.9906911180756575
0.9350668335324737
0.950182702762091
0.9626888209024975
0.90909734321052
0.8926481093886189
0.948474692317886
0.9366557785542875
0.8994668221388799
0.8890063016216267
0.8340681373906591
0.924120660060904
0.9854558848764197
0.34927281997656145
0.984920873487563
0.8672187403085482
0.9684141396457128
0.6898611294042122
0.9771652345385275
0.939888978252349
0.7535066218465677
0.9108145904790019
0.8757799175930597
0.507694004453011
0.9679699976792605
0.9878181563882549
0.9841627796859822
0.9824905323707926
0.948757011188548
0.9662376182502426
0.5916728542294347
0.6414806246083716
0.9192818157866894
0.9011006340853902
0.9867206920292653
0.917337160711847
0.8097663708169927
0.9779971501841266
0.9701028367640547
0.9771368485908943
0.8674820488339645
0.8298708265257728
0.6880428639047085
0.9512126689535548
0.9366028165140039
0.958438544558533
0.9565204515062194
0.9760480826242667
0.6710611548691504
0.5118529741538084
0.39693737896487713
0.974817925706091
0.8661843825946242
0.9033834409588591
0.15460787025701822
0.9511503959438166
0.9761327667158407
0.8026948820822611
0.9842363259099491
0.791331345657809
0.8761786001828324
0.9126182177686056
0.9815058438417263
0.927377058254456
0.9214928374519481
0.32919903484008595
0.9174109350374258
0.5880273839779387
0.8748635852416488
0.949683246924672
0.9653833533657235
0.9323606362431202
0.5396488467398368
