0.9802254163437807
0.8562222670127839
0.932669054547391
0.9519375113493496
0.9888284548534791
0.978296981634306
0.9695430330828294
0.9905541057903147
0.948677368235185
0.9777509164921062
0.8900462596414856
0.875640579414543
0.981215611178555
0.9446130719434891
0.908051725052173
0.9767347726703288
0.814171521522855
0.9800872119318903
0.8085986670084268
0.7128141476144181
0.946575701629872
0.9686822975192783
0.6296085142441704
0.9505947334056629
0.9389744557903602
0.9113646958481857
0.8560247922513077
0.9011960209179674
0.9683334775824676
0.9314260806900241
0.9129329012379725
0.8128438887288628
0.7596930130307022
0.9464895328366137
0.9648437762574953
0.8547208562143164
0.956350258665476
0.8575252725750988
0.9870520661232963
0.9780078086245056
0.9479378258729168
0.8070939056101809
0.6607694828718119
0.8136404396351218
0.9668338435291403
0.9535997105763954
0.7446831939916503
0.9264559271696807
0.8409545901468106
0.9406080639717312
0.6975311501342883
0.9818429320915298
0.9643754561733621
0.9702341279677612
0.9525056705300107
0.5270295897676327
0.9484555844439405
0.8969534465673185
0.9757198247959957
0.9547080039878933
0.9255619441424039
0.6681278226650033
0.9109726924500947
0.9311678141095077
0.8888152119904505
0.8036328833469836
0.8991251422401036
0.9057206180644363
0.8836750196099359
0.9398754404709448
0.9368728823448821
0.9576500584386998
0.9588577616071017
0.9225988263748779
0.47955265514924467
0.9452279780391755
0.9677964507930559
0.9627458523124374
0.9466220171017355
0.9591096932508587
0.9750162603246425
0.9630991350649127
0.9664025152798168
0.9193032042845761
0.9104671816889521
0.9655795956121771
0.9647522559881148
0.9905085509948741
0.9803540804907106
0.9815522799130355
0.8851538509686473
0.8879340887623184
0.9667384667516913
0.5078939035417238
0.7388908159671242
0.7960404437818211
0.9300822149168216
0.7622715420413356
0.9600994785988698
0.9737644840302561
0.9588546540840235
0.9142575390832826
0.9675038450047347
0.9763527056621955
0.9457058978881301
0.9374545519444982
0.9418198123659236
0.9192474425850431
0.8987798423350031
0.9362431857655491
0.9204364202807134
0.9484819055734529
0.9604275897071046
0.8854052772698322
0.9014052925562015
0.9223216202042719
0.9426891189517245
0.9646737453311054
0.9253476709787798
0.9038844002707882
0.9653067879343492
0.9101441771648267
0.9662451420659379
0.9787505615306715
0.8112843824839076
0.8477921499807574
0.7383696237047817
0.9371002583161371
0.9632048897150632
0.9404868709388672
0.9660574715851202
0.976117712347097
0.9844868801709198
0.9185847190474806
0.681075822287401
0.8504252613770918
0.9103646747622125
0.9822594538392563
0.9705245880973341
0.9562921870555412
0.5046552113984982
0.9822599878184562
0.9760142611415213
0.9618942273756221
0.9123845631006499
0.9634810864713403
0.9215986691507013
0.9447908427923803
0.9781142956768883
0.8780955063915394
0.2319007943770731
0.9418398957698345
0.8605834490762627
0.9886849154908228
0.9559678343620577
0.9662823965516949
0.9814315834230605
0.9219037028421585
0.9443124672379025
0.9674181600353008
0.9489908129941483
0.9051504868442563
0.9446622603058459
0.7827539678695867
0.948766708955183
0.8232734552364714
0.3487073243733927
0.9027234968298561
0.87575379528928
0.9690196490470445
0.6778213463372063
0.9381921294032435
0.9582903290018451
0.8068438240373452
0.9509197480332953
0.9301935470715028
0.9296612093163783
0.3495892433164869
0.9884924119715709
0.9646274498745537
0.9814869044505763
0.9209988327541677
0.9321579500798167
0.8106721314140745
0.7435127222481593
0.9214479818078801
0.9094087815172993
0.9774181653006474
0.9516649196215667
0.6284478987972956
0.9791525340582857
0.9746069835421665
0.9670272006413576
0.9134483870305548
0.9340490612565193
0.853272312565407
0.8376241368442042
0.8991912967914385
0.9564855912596972
0.9581626348745471
0.9069333722420523
0.6051165516476303
0.9560839882959717
0.3046594390852366
0.9694939404199036
0.882145614815241
0.9548048315850926
0.8049629612492892
0.9174967294335858
0.940495642677333
0.9376691050646291
0.9513312406624501
0.9259480246680275
0.925496643157459
0.929771692756701
0.9543049540469022
0.9363115959678094
0.9799863340112662
0.7700803974541542
0.9213287853691071
0.1652660314097611
0.8878197510154234
0.9518537245292732
0.914106637162346
0.9767874958379076
0.8823227130364926
