0.9830850211091613
0.7779149066845374
0.9359410573107853
0.9404406104760773
0.988391802043784
0.9703799129195423
0.9506506500193521
0.9711560117098391
0.9614508366363506
0.9806885204161352
0.7986081199039473
0.9166827398070093
0.9455609617408732
0.9681813927968684
0.9010773776818859
0.9202498142931067
0.7997899854312176
0.9771370956734279
0.8642777030371719
0.9242019009485599
0.7114035702434577
0.9655754975522652
0.9731053639535503
0.6442959562819663
0.9241778285351627
0.9656513543993096
0.9700515812388639
0.9060180494415397
0.9297037618698953
0.8435967918715709
0.8580611702035444
0.9455779988595208
0.9397163962617049
0.884346680877248
0.7975287782492254
0.6334369814797445
0.9250129965933925
0.8973863049088024
0.9678984664484964
0.80676001658079
0.8905450124128143
0.8799125182918448
0.9875337169246047
0.8787983636729507
0.25641648836791875
0.6906196961421114
0.8187743224719465
0.96763830763479
0.9507351189192705
0.7700980400673818
0.8660244822417491
0.3911449738785031
0.9480764651326595
0.791418905609893
0.9754185285825598
0.963887658889268
0.9743821233143004
0.7262010516874731
0.5640757086722838
0.944665805623948
0.8080855152258191
0.965392457936968
0.980436118604499
0.9045505953507761
0.6594344032763737
0.8294433181195591
0.7190214630329753
0.967328894652128
0.925089758168896
0.9311422711451077
0.90409112579618
0.7598888707249928
0.83033955314353
0.9477891256390607
0.9115370359585528
0.9473965675471249
0.9613834846742367
0.9084225553503466
0.26819878420753995
0.959099036862738
0.9707403070614052
0.9605258924058417
0.925694431663135
0.9703327812810615
0.9335872244377083
0.9374055073596161
0.9668158012681017
0.8453294899003818
0.9117386818162937
0.9875735818955024
0.9609858703026561
0.9883843408813545
0.9864383037969181
0.9812738676392144
0.9590150922417007
0.7486562346030464
0.9611296481403919
0.4466213673035813
0.7323293547958475
0.6118586975640802
0.9506802786163118
0.7872851178236606
0.9608579580054664
0.9852653661292071
0.9702689730417899
0.9633296577090247
0.9599443922159206
0.9636273693621555
0.9829830871890289
0.9498281515671766
0.9474679479070721
0.9394076170135254
0.9535447839448061
0.8716822811501843
0.9433919779286057
0.9469129242744079
0.9354187266220405
0.9641034466237312
0.880316784905859
0.8418416747130747
0.9554074646343473
0.940099709098322
0.8518451385609059
0.9744443067418308
0.8978993860103044
0.9669122911025003
0.9311820666110465
0.9804581526218946
0.9574467012067959
0.9309817578138815
0.7916631483186694
0.8787228594157703
0.9242291594181655
0.9611072543168241
0.9314760340415443
0.9787641159486538
0.9751843342711121
0.8496217685252812
0.9095779109898341
0.8670301354394676
0.7892766343691485
0.8981094546797541
0.9767424108630601
0.9681222881540057
0.9723183649519471
0.5791885097292941
0.9565042413643003
0.9570682781759928
0.9350613218181449
0.9348599795532914
0.9320756670575084
0.9434012997916557
0.9661454868850669
0.9446376566174589
0.2676938252575239
0.9394018573436179
0.8362521784517856
0.9898097455777164
0.9588481144825337
0.9690080965692871
0.9812055768161283
0.8885345859022414
0.9253793979624843
0.979887900215993
0.9814683869847276
0.8609984745085347
0.9030723585257852
0.8892984927442388
0.9426452591124639
0.9708749568640888
0.3691020851118326
0.9767474632262747
0.9230652058017174
0.9575315511390582
0.8301563827520714
0.9432791101471398
0.9246379483897541
0.8457606869233057
0.7575217936812105
0.4970892648118814
0.9881493850955655
0.8156804879898324
0.9359328081741838
0.944559139841438
0.9773791145387061
0.8614618850556771
0.9006620902605603
0.9490355027794599
0.9520976646914253
0.9914728766522508
0.9499114365362692
0.830707825610573
0.9670006387141276
0.9776378960504418
0.9793495898890778
0.8708713372619322
0.9197750350070723
0.8462659729685997
0.8734691450612928
0.9225155276845755
0.9227571828535798
0.9094974182998569
0.9646063098336841
0.8272314953690078
0.9577885557083868
0.39495343627648144
0.9754398333574049
0.8913388385521307
0.9508870275982712
0.9297354733565715
0.7801698419622756
0.9594369673142582
0.9150680704254232
0.9859152560110737
0.9161601307805041
0.9551821473694542
0.9510210701381533
0.9319109404513213
0.9867762237514621
0.8688043067652084
0.8777761151169036
0.7537522983303188
0.9537792839397079
0.9400618253512085
0.984132512013289
0.5672295648010107
