0.993498047021831
0.8618806124960884
0.9454150935866686
0.9048232140017328
0.9896825826721154
0.9645228234095933
0.9513331458150874
0.9910894274804746
0.9797484375498399
0.9833871293441715
0.9660542687283183
0.9230495890030251
0.9878016846000259
0.945317228933777
0.9349168476366673
0.9277888395299525
0.8105221282683216
0.9783404865173799
0.8828962056745084
0.9490420818245943
0.8112145494695601
0.9323873271274711
0.9770983643449924
0.7446772114943387
0.974123307815876
0.9676040272068421
0.9793010867391835
0.9629039264484007
0.9619079182228027
0.8890605659314457
0.9338142091718785
0.947706509891966
0.9381738408660545
0.7126047973707521
0.975313449017579
0.858793354173342
0.9657422181730715
0.8618945301259201
0.9706716188388604
0.823645759349617
0.9380888531535342
0.9869283504977674
0.9827656100816816
0.9465040619537373
0.6924324111564909
0.9121010643682623
0.822386340446154
0.9615912598813455
0.9480482012075926
0.8275237262127816
0.8825056332332872
0.8134931418517997
0.8794912901375654
0.6940967346399478
0.9795452855590928
0.9693246473257907
0.969914577145563
0.8814520698637612
0.542822516890327
0.9204753190474906
0.8121789333208154
0.9487641311552184
0.9748514288741282
0.8807524501981782
0.8939266775781132
0.8544852973061057
0.6606610120041375
0.9562161312487878
0.9096616686959325
0.9195727117237102
0.9074473659954249
0.8762308666908692
0.9088358306552398
0.9059142581427638
0.9013088918607179
0.9498952474105413
0.9606812554059903
0.7471753329862245
0.9362643342243689
0.9606237624786367
0.972404560553056
0.9754413578792308
0.9465231673032408
0.9705369168491151
0.9447167024926995
0.9391594540700808
0.9735755283268218
0.8593048637828414
0.9292082917164478
0.9858213661225782
0.9722141502017718
0.9544638591479012
0.985057460166094
0.9814264918166811
0.9144609459146785
0.9152241759261063
0.963193626323759
0.5096856550762114
0.633396265931796
0.922292343654963
0.9407813279149773
0.7974014847842299
0.960806130817547
0.9841086530067944
0.971937749688244
0.9505601320711425
0.9695213308982858
0.9461909470963785
0.982750867190818
0.9663714900994559
0.9515925998580251
0.9509755616641145
0.9664756644165673
0.8608695880106034
0.9428922462949194
0.9223795385565382
0.9519973134025937
0.9713587106671513
0.870784581723205
0.9602965355860074
0.9641310887266592
0.9146334845777568
0.9773457233562667
0.9785613544409617
0.956205955913378
0.9692683458922351
0.9263027288484975
0.9816983048472742
0.9336642170973715
0.9315746515108372
0.9265943364285097
0.9496273510519896
0.9246186764040729
0.9651147970799372
0.9279653567427912
0.9796340857728615
0.9764282603843141
0.9828747722268465
0.9749881123123588
0.5721504532828131
0.788359804558557
0.9323919184649733
0.9833367179588094
0.9737072413205113
0.9759422016600549
0.806258261688077
0.9776939075866973
0.9628667733208712
0.9122203651092752
0.967278752854094
0.9781269150012393
0.9457796709338046
0.9628592161242634
0.9251368287953493
0.23045101315892402
0.9405722925247965
0.8142905906475397
0.9873427432249137
0.9596933557492285
0.9677297534001478
0.978250119672652
0.9458051074663162
0.9242552591526677
0.9820360909126971
0.9760527253947926
0.8418950010046081
0.9218068026905845
0.9051464184248863
0.9505174451850869
0.9772889130944431
0.34632826203299494
0.9530006634168173
0.8970154607273637
0.9761500934297082
0.7273492002325916
0.9733768789690634
0.9371183843115662
0.8431098791165986
0.8862846240574914
0.8786924117398321
0.9888731569711553
0.9123656337567556
0.9555955415158472
0.9308297211206155
0.8911641161610068
0.9511383132545402
0.8170822174377658
0.9402093695943345
0.9423007777351231
0.9876429816453322
0.9548833811029283
0.840433349233357
0.9753758467007778
0.9797596893831825
0.9808857887807249
0.8995631259779611
0.9409279425886804
0.9307964705987978
0.8806907564811904
0.9231141362670449
0.9612582822252523
0.956056390529862
0.9743794935116736
0.8828358732079514
0.9618041952501848
0.4015355141218779
0.9767398835140132
0.8640919689478107
0.9492679075580822
0.9397691793401933
0.9359716057335713
0.9647952796254478
0.8957726908329288
0.9868657249058033
0.9525185390378197
0.9594328285198416
0.9797993294667457
0.9585080546641248
0.9851041344119147
0.8535301960096876
0.9238186197289396
0.8133224086942407
0.94618053357925
0.9743327343109399
0.9837502581272477
0.8192026602956428
