0.9930101033023405
0.4157638411199434
0.9554244299321986
0.7715537477484283
0.8919465733325125
0.9157458829061584
0.6214932938022912
0.989627992705187
0.809710823701607
0.8735540676672738
0.48712720334580056
0.94537139455658
0.9827583320317843
0.7877769027790622
0.9393541517711345
0.9077895316648319
0.7147020208967444
0.9714540766525995
0.8958321790961278
0.7568383340174318
0.6291727021757528
0.9007585473477256
0.9722980408361035
0.8587315466949642
0.9667272658131699
0.9663123463738269
0.9770374821340757
0.9612159195666425
0.7614841653153386
0.331273652770426
0.9295383012615404
0.9530968549569621
0.7924139531123285
0.6547606821710017
0.9745345583874556
0.5027419845963185
0.9029741969980516
0.8423830801462826
0.944002175968594
0.6626665873468239
0.7440680804724198
0.9820726737519245
0.985722999926562
0.4313150772873837
0.2678729723748225
0.8873053809112007
0.42434547668020334
0.7978750449442398
0.8300901982104233
0.37225316387497415
0.883104002920731
0.7970016361823702
0.8673093861330108
0.47103898351862894
0.8548540612877448
0.9174857200743405
0.8664225188405891
0.6828575999946347
0.5924096842374326
0.578673981310361
0.7963305888005625
0.9736679491155569
0.9357577664172428
0.8985864199741691
0.8014790680495535
0.6438056262141789
0.4426304671413675
0.9358162897630191
0.8318225069868465
0.7334629401306738
0.5783808613378826
0.8977123228904382
0.9544323306811973
0.9833073826550366
0.8359857894363691
0.9485096584406337
0.9563053398564049
0.3624597929869114
0.9311874992955456
0.9421172747471263
0.8563395218978652
0.849195241820284
0.7486553029828332
0.7831086064143482
0.9534634418451341
0.9261445398013461
0.8653246147335062
0.6978306020114905
0.792364781755548
0.9867344395038453
0.9573066066990357
0.9902297120806215
0.9689825257912659
0.9745304190534809
0.8216036743229737
0.7042327776660797
0.7933723166706472
0.5016922066032344
0.47317753852266065
0.6261714668667274
0.8873172000842796
0.5582512951876916
0.8958639663791164
0.976944782496011
0.9690176207957815
0.8209721622207663
0.9661893974448438
0.9730250033276279
0.944940026947352
0.7559965790843053
0.8468090452236732
0.4776831726371294
0.9089576914172607
0.5064680095907218
0.7817620624074061
0.9059771803192573
0.7883130887130045
0.3899360402041661
0.7714269860074303
0.6478352706463137
0.8777596807147141
0.9019536034076578
0.8752301204604208
0.8027067889363547
0.9528108357321714
0.6823971703679407
0.7091701601725034
0.9778938311686011
0.9762440097255473
0.9674132727371213
0.8842186492547511
0.7052171569860587
0.7168368147491695
0.9568651809854475
0.7692223202735557
0.9777438730868964
0.9655886460618585
0.8673118580433158
0.9043885730041095
0.4145151236395358
0.7744128167872331
0.916085607037606
0.9610204667354206
0.577703792455828
0.943721578160452
0.45914337656209864
0.763584579862499
0.6120129382917116
0.6860406885466027
0.6711708470603026
0.8419169875650894
0.93538401033814
0.8423119748596277
0.9517149584647745
0.27117060399675236
0.886958918787543
0.6102834711340556
0.8955559384749728
0.915057392164692
0.9723609008495264
0.9001254628909107
0.8985797897447025
0.5441105973615433
0.8490833638180114
0.9514065334433088
0.5304456365228957
0.7110891328350608
0.6332897850368866
0.9247215520402411
0.9782587101567563
0.3454859454865682
0.9847254229990909
0.718741324703936
0.7503059242309874
0.6475985020585465
0.9823019588736869
0.9134233477751118
0.7716846048122971
0.8857985112265023
0.9695980515974415
0.9886981454764916
0.6707343368060913
0.9690447479691946
0.3699944265010152
0.9600291755758642
0.9487910959781343
0.2841576571123289
0.7208457568539142
0.5857978303131017
0.9913897418118041
0.80155387423743
0.46034058870443
0.9674893714969718
0.7674661938444609
0.949324908980537
0.49664776672863037
0.9528666413683029
0.6493364230626529
0.474384021355579
0.9345699193111181
0.5593330304790579
0.9562046794297877
0.939149937832338
0.8017737835121695
0.8702216999744257
0.5882044329650988
0.7019678872775041
0.4400955804868501
0.9089489588229771
0.855237763366632
0.9541958225543941
0.6085500699314813
0.797057344690096
0.9858980159292162
0.4180494033852481
0.6098592753156867
0.9787819397133577
0.8470016060421364
0.9173181197268235
0.8440614866633563
0.5586721965753284
0.18262267750019415
0.8821040536745336
0.9659958498574839
0.8957467315280604
0.6131119033545314
