0.9926388349171159
0.40676316677619995
0.8333417965673806
0.7713192937309207
0.8891492479676811
0.8420912382489544
0.6285961422493691
0.989739866165978
0.8442996702524416
0.8724174072511759
0.3089712394127716
0.9476009152790034
0.7692739756205379
0.8991981184123541
0.9395109698522686
0.9782868239739901
0.7133473414455357
0.8376301640075612
0.8238253379164221
0.5066978767894315
0.8965367631861698
0.9703407899956441
0.7959572397765521
0.9661238701267356
0.9676916114893696
0.9683686542528813
0.9594704695184574
0.3252849812872311
0.9774738854065581
0.7096223220041954
0.7741908715125662
0.9725133806128831
0.4326320205661303
0.9183195364730677
0.9489619274366764
0.6220423091607382
0.7437727264698692
0.986680640176005
0.9848631136615656
0.9642938967144341
0.4021099932260736
0.20435042465357936
0.13579438015498763
0.08362042041304296
0.9514485167638705
0.946129818207429
0.368754100385668
0.8605535349561579
0.4540935858545661
0.9226354951240436
0.35492673402885994
0.8664576940511436
0.9425900923418945
0.768992491894815
0.6818382794456733
0.5525177536534722
0.5713559519999778
0.7973848979755603
0.9579437732798171
0.6508168859655934
0.9116260468692913
0.733093281447629
0.561827947962468
0.9318550289241432
0.832764406083153
0.6923429056259703
0.40343911995148796
0.9071493592672536
0.9327976762580151
0.9592751202306888
0.9150169282996187
0.9490565465558758
0.9010046949615823
0.3268701540078762
0.006587615283267459
0.9400119372971489
0.9729125050398559
0.7980169397827239
0.7676656208331684
0.8477499786434811
0.7013610505122791
0.7855597974248811
0.5801195216819334
0.8524024101212313
0.7843824165453133
0.9871106661068886
0.960480708106548
0.9867407319523741
0.9821157430892685
0.9679031330010505
0.8556796035021151
0.7096174539178147
0.9506802075709926
0.4981133903061893
0.49125407475150384
0.28708415960424677
0.8423183023220051
0.5403819832396078
0.8914393789206573
0.9648573846058801
0.7920746901041535
0.9771204194257399
0.9212828210798888
0.921141031643694
0.9463960995145445
0.869184488160044
0.47504666824098496
0.8618335473849801
0.507382683332135
0.784155268740301
0.0
0.7870204728790561
0.29148100934192533
0.745734037398098
0.9065105246489009
0.9077602284228611
0.7590102743878454
0.9779400084744063
0.8049015808568231
0.9522735285324022
0.8388680312119656
0.702853654827062
0.9777737259287331
0.9640290146510312
0.9462630249659454
0.00786630498686189
0.9246018395452346
0.7079768999908468
0.9459545515213672
0.7532306462880861
0.9761506134695923
0.9641406306972418
0.9750575610957413
0.9791860900941999
0.4832626583501042
0.7740541118891067
0.9310974972889375
0.9776160676380623
0.5046283770847456
0.918697595136964
0.3569916340922532
0.9721338316762219
0.6007633042300814
0.9318900284256473
0.9089180689117864
0.660122291161389
0.8102523508499253
0.9308530180241288
0.8258331731291185
0.9204774293832962
0.24007749606402876
0.8882244625127
0.8985028963414855
0.9873900112476129
0.7855025764230246
0.9572494893271845
0.8513082869785513
0.9253823725985989
0.5439985369782901
0.5441429399715628
0.9557691982609939
0.5756435232727095
0.7274375760697618
0.5234775445573259
0.8858355798886649
0.9739477281287974
0.41541457913505697
0.9834471049064875
0.7000828929211156
0.8798944270396231
0.6432371400029069
0.9840851447535173
0.9165928928865996
0.8475255255535086
0.9334097350803975
0.7696325797175754
0.8819366537298842
0.8609350987745269
0.9862769894800331
0.6977604814941043
0.9812680429580806
0.2025542749668264
0.48177308361189813
0.9321109043804181
0.19754647083056592
0.18423212556932483
0.5699011457289218
0.9904217586045206
0.8008111626292703
0.5584510926982074
0.9758702868511427
0.6665160080877461
0.9749813828751869
0.28588850619979456
0.9470906349755566
0.6484935320838359
0.3715492171996529
0.9328118726750522
0.9381711422083348
0.9555008580977252
0.8276008291903633
0.7708656690707719
0.9504345617225458
0.09726836516632013
0.5960693110259798
0.4264455095312694
0.9002947754539025
0.8842550736070609
0.8820463259777428
0.6832981160402901
0.8130702652786735
0.9782585623505177
0.7955987200961139
0.42705480579437816
0.567881491610637
0.9565147039102555
0.8764012338058907
0.9148057826548948
0.8636298372442951
0.533466924519376
0.17556689008043183
0.5041251245779694
0.8699682657478093
0.9689339810467038
0.8704564514752617
0.6108202113563113
