0.9908277347378823
0.7879611384646158
0.9517235366381497
0.8754525290819604
0.8893467581777399
0.9587331695371684
0.8469487646148053
0.9888399563914114
0.8394162091694511
0.8933378335933244
0.7170312703928976
0.9656445158861002
0.9486707907315348
0.8923662627211759
0.9392862963454857
0.9747756437292429
0.771094555862999
0.9437767129887333
0.9806052918891998
0.7290131103367387
0.9750359718737752
0.9727692752539665
0.7047448833295494
0.9693890288200346
0.9687586133755325
0.962268257241333
0.9492311683387534
0.9187102605624129
0.9751200914183443
0.9430654798335045
0.8504899338338205
0.9711962582129184
0.7652747766048906
0.9660075169498029
0.9400191912399702
0.7570026454211324
0.7540954415459721
0.9753761181653466
0.9858662715304062
0.9640222702100698
0.7106125414317229
0.4670495485711676
0.9023038728944454
0.8297448167255924
0.9343237441544345
0.8555867239715591
0.7732969552549307
0.8814217208619012
0.8276601946809529
0.7647040129312709
0.7977029417541628
0.8560896081234692
0.966893420220796
0.974189723282869
0.3976200889163792
0.5828692985759385
0.6106333218173132
0.7456540363643196
0.9423572139912707
0.9761879148861545
0.8862291302781843
0.6862825878574849
0.7630816313571368
0.9201676078251467
0.8663496047904725
0.9547558416473041
0.9130096399879234
0.9026618945742001
0.9618985466822387
0.9679323921784743
0.9011478276906066
0.8237131669122958
0.9563556469006675
0.8913187713810282
0.8890929141121572
0.9558016068467811
0.9645875827458922
0.9039606411200757
0.8564964065288989
0.9555937034940213
0.967227461912046
0.9317054682788756
0.9118240635986242
0.8547489905124938
0.8184652820840664
0.9838680175249114
0.9527177742675648
0.9884384700132601
0.9748402149577042
0.9725083347809771
0.897637372903765
0.7492559086672568
0.9295734385950601
0.5004338723907441
0.9255446034911538
0.7978352145658121
0.4038811761598574
0.6318567790189591
0.9409306169614324
0.9682122045054918
0.959312643749456
0.9759044254928334
0.9012503156079165
0.9616430803678346
0.9565916736127643
0.9139629730612082
0.894045509407003
0.8659582658351743
0.8452165703060109
0.7789339653554872
0.9122838704311746
0.7901902259101802
0.9710762706017976
0.8587613032207915
0.750794776977589
0.9039309391351392
0.9082558591746137
0.839307927905932
0.8040960042280949
0.9071696278163317
0.9065964138286188
0.9092965976464686
0.9785623877614703
0.9550131930973562
0.9637190352067219
0.8433787382658556
0.8016059334210595
0.9527841815611751
0.9511649944026097
0.7454892506153791
0.9788335560691177
0.9744843821600505
0.9865397139998923
0.9001719081481555
0.3307053891810121
0.7791158491245083
0.35359303413157656
0.9581666477106865
0.912756806845186
0.9701531550494638
0.7136010239014314
0.9723864919035744
0.9682242671174266
0.7869443603786169
0.7778724797553226
0.7394584560956452
0.8542512217611964
0.9417224408205334
0.9618343656250582
0.9320079484383964
0.9124780195124649
0.888397899546152
0.7660362306639935
0.8952472506126453
0.87232010723155
0.9500780607867984
0.9037426884136658
0.8877503671549278
0.5808178965006668
0.974033056576475
0.9627293573091165
0.8741885345181836
0.8773016237135698
0.8395714048880503
0.813823785175041
0.9643290706343464
0.408854301615174
0.9850308203720503
0.8331867010084472
0.8951736684690353
0.7695042079384864
0.9828724250387865
0.9090187496958125
0.7523672419699753
0.9210507763522441
0.8304988482217491
0.059031796419157956
0.960497396718999
0.9852956626057926
0.6996316516722273
0.965059025073675
0.9598122956812918
0.9677843661422084
0.8870329542184325
0.9030288040084113
0.6878462753618417
0.747637050473933
0.9851650858439479
0.8376664673522236
0.7112519308292201
0.9711133524039315
0.9478564832861905
0.9700794363331123
0.7722737692407282
0.8838500561376834
0.6754551346392204
0.9402865955261076
0.93701269306941
0.9425626889875215
0.9557524161519043
0.9079087522572992
0.8001082275461313
0.0855565017030655
0.8344367690882625
0.9660232939769491
0.9038112658635248
0.9033146543982583
0.837395556991119
0.3242747147120215
0.9766341085520659
0.7968811255636681
0.9843912739052288
0.8568998247795547
0.9024835620331806
0.8513672392276205
0.9787974122082692
0.9263099749507822
0.9645974592792298
0.8242013288232238
0.8844219893613199
0.5411343923106858
0.5374965348045436
0.9142727583270973
0.9618730612496966
0.9576631742694593
0.4846646677504681
