0.9923511847551946
0.9392573490506397
0.9388143744462014
0.9554353220736788
0.9906043023233214
0.9819276027105873
0.9699975650366354
0.9849641379964885
0.9744220544559788
0.9828765092066506
0.9107930330534666
0.9738180168591266
0.987580606669249
0.9664320629291401
0.9210348366719898
0.97658667847651
0.9044872236783114
0.9802000233868057
0.8661911547882266
0.8601075801063226
0.9487016948839037
0.9798117467418791
0.8047341184204603
0.9226397377078445
0.9640727893642644
0.9357245697632517
0.9459507514021769
0.9268649367240602
0.9560366227911358
0.8610934977205491
0.8745739910634166
0.9702534228852453
0.8996938811378983
0.9504595620534135
0.9702453144311907
0.6920118736065849
0.8946563331901534
0.9863400662071977
0.98378686410805
0.974839963825827
0.9542525874005399
0.7467684944784247
0.914004441986171
0.8700397234647548
0.9666977906314438
0.9537135717243904
0.908981667384504
0.9036170313770392
0.9110134742611161
0.9351670760954186
0.7950700595792277
0.9820763275049437
0.9475344939135206
0.9764295159490766
0.9467599791525124
0.5342327190416611
0.934559872032899
0.8833573001114845
0.9542622757229432
0.9790108141773955
0.9284066149620952
0.914821748569308
0.9107651966825293
0.9546486876884268
0.8978922095338796
0.939474825798687
0.9410891590450391
0.9106911829176458
0.9269940315396212
0.9777072792861662
0.9325519750577618
0.9538768666354266
0.9637752808765686
0.9088488507725399
0.822871920739733
0.9662014413137385
0.9677608226847407
0.969185190983387
0.9435113238212415
0.9333427447960113
0.9749070386946297
0.960102146780107
0.9769630643753432
0.9700545803697513
0.9307549340841818
0.9860591929601152
0.9432741805937555
0.9894168750143699
0.9846293167639724
0.9810895080264651
0.9414568860025109
0.9414641293623859
0.9656328200240623
0.48013104115589833
0.6545807474328075
0.9053170204395572
0.9389626773327635
0.7884989741408611
0.9541213499356741
0.9688016329711137
0.9586816129430928
0.9854788759512025
0.9563047432569585
0.9711690123927015
0.9741787534545634
0.936056682877183
0.9210166538583747
0.9513785289383436
0.9115711070626505
0.9310752161718845
0.9381382709853091
0.9405992989844478
0.9669686963658237
0.8949409274502135
0.9490248618271698
0.9519392629669058
0.9480905213112018
0.9777533507854829
0.9708171026555223
0.9515293242327045
0.9707730335154019
0.9155422654727738
0.980779902529021
0.9797893228207467
0.971486304512161
0.8564147257955871
0.9456633947267593
0.9574691622079766
0.967055613300909
0.9463179857961725
0.9705761995882132
0.9582224757789823
0.9750375198170594
0.971713370150125
0.7517462084786378
0.8202212500567727
0.9103199874193716
0.9817241094211586
0.9718265525415267
0.9743408257228703
0.718388423531062
0.9799893751511473
0.9769701983613274
0.9677685697578483
0.9484877008896337
0.9665911455923138
0.9790977680450926
0.9547457411205029
0.9453774345382199
0.9219388340239479
0.3965144598449385
0.9326861152472392
0.9426938095517664
0.98820697495474
0.9649574464524241
0.9612269746016827
0.9819972438815298
0.9401743772034801
0.9506963878356324
0.9705774764607148
0.9752674596052956
0.9683614569162415
0.9395949722322026
0.8858936660529686
0.9632362306178379
0.981842180336047
0.39559728132272703
0.9824170457045309
0.9660042315462831
0.9704561542901453
0.9124979762631736
0.9638621787284346
0.954101711365996
0.9399825007235169
0.9427414011953696
0.9643498165196073
0.9422231638362862
0.23018689215134802
0.9874247476832775
0.8580156729670144
0.936965932276312
0.9221042168631968
0.9702663761926027
0.946808021160937
0.8542098196556415
0.9141276383027526
0.9222323206881011
0.9909263173422087
0.9444628090664249
0.8162714840664759
0.9689151496799909
0.9713691718244244
0.9649751191315058
0.9218263009481051
0.92631013958253
0.9217651425629445
0.951157547000778
0.9330542552685568
0.9606084767471417
0.9404681626944014
0.9677892814199527
0.817442239535277
0.957441323694871
0.6060726613353632
0.9734015008472119
0.9051247445643632
0.9462653107125137
0.951603549974012
0.9421818519585006
0.9669841175901936
0.9556720881519707
0.9863529986382977
0.9288283321424403
0.9442034708196403
0.95306665092499
0.9758812826384452
0.9545153969909831
0.9798276664627166
0.9075566497664953
0.8918398227560254
0.8643096426878609
0.8596538129770499
0.9672927522826398
0.9673266987399406
0.9661897796749808
0.8368185483088689
