0.9689351751469519
0.8417696373841445
0.9416228895068351
0.9018384845828378
0.9805687948793196
0.9495215594518115
0.8966926326542528
0.9288778672100606
0.9530665355392818
0.954308867295923
0.9079296177065358
0.8843521596831863
0.9030072232554683
0.9437104274198562
0.9244420779845658
0.9468407816924649
0.8244156996759902
0.9629317333754848
0.9206123586370312
0.8193641268882844
0.960197535490222
0.9661244639023597
0.8109927895360323
0.9109226499775025
0.9488216235929988
0.9460782290775922
0.9025259970353915
0.9096513611206245
0.957258223559791
0.9650131609002269
0.8667571495326739
0.9371257558643417
0.753871461732993
0.9614876478724687
0.9586420264608703
0.8467399472346041
0.8772331086404315
0.9175671051884466
0.939213432678435
0.9284201960937765
0.8678798939630556
0.47559596841388385
0.8749500599276869
0.8145054544630768
0.9125003527278558
0.9460765280252977
0.7313200953312574
0.8554638114730536
0.8415734574890164
0.8365201840751206
0.7341039454012287
0.9467753124187337
0.9530525135627667
0.944919751152429
0.8004433844504917
0.5392977602568747
0.8956257900646163
0.8765803409454951
0.9405732946256414
0.9114339622056135
0.8160431851766805
0.8966209196045809
0.7718994791533579
0.9691785106743452
0.6154386558929078
0.8891337766377091
0.8825056837762695
0.8474843830839124
0.9189782425617381
0.9172678208912952
0.8770272702647526
0.9253359472588272
0.9204971270131251
0.8522638361639828
0.23159531154944976
0.9239167301796959
0.9509987734668133
0.9574806991408253
0.8835835918481347
0.9191889712625281
0.9186304537954637
0.9028433662813448
0.9310130253816608
0.8014642794925455
0.8477144324651692
0.9406535389575535
0.956100955813194
0.9083716271642156
0.9580304028304174
0.9511799559314548
0.8488343810073821
0.619204709862047
0.9389013201382872
0.773410456382889
0.9160405292484002
0.82932977088946
0.9095920809422112
0.685165214956038
0.9166383543676194
0.8952100905219915
0.9139645981654351
0.9510116499309612
0.9484165862650255
0.9489755044481905
0.9264769478275101
0.9058116452773131
0.8765047931549987
0.93605180108028
0.7442773566319846
0.9119337882947846
0.9209442007396451
0.9196864454700631
0.912771840827402
0.8389434350408549
0.909418334018715
0.921691327056931
0.9419022705714629
0.9634015140741299
0.9596895459610052
0.8745616964833686
0.8535759911826408
0.9178455117303471
0.9494866015168385
0.9224155156259763
0.882208554031259
0.9294657238355992
0.8704481420537823
0.8699120966885895
0.8980799240141993
0.9089969620348448
0.8876618211552947
0.9503092703051467
0.934785964518453
0.9189846519700272
0.7833656829743839
0.8229369827291639
0.9007817353344713
0.9633382683979933
0.9530424549707445
0.9304420447014867
0.26352391152447946
0.8982334985027796
0.9561264872560735
0.8715637642767773
0.8585403975660124
0.8945528878067154
0.9150611119751014
0.9029862417225722
0.9077825391838678
0.9438223759539094
0.9043280631988438
0.9315264379104466
0.6476026875726836
0.9540778230723008
0.9433631456561089
0.9190892930286664
0.960215958364353
0.9434578173463081
0.8615150322021413
0.9307456080745711
0.9184838853866261
0.9392985232612018
0.8467335467290289
0.8807960776913286
0.9120008241766712
0.9244206918398906
0.3153136448053918
0.9606788722735975
0.8414793345622312
0.9530416873001728
0.7326364654434304
0.948363048948175
0.8165778681011812
0.7158631088719565
0.8979471396570482
0.9192391942516268
0.8651119860508891
0.9593906136480005
0.976327292270445
0.9037164759368713
0.9450355629731522
0.8837196460097642
0.8873763798687191
0.9479548511432475
0.8320416462170167
0.8879837227517082
0.9213052160681899
0.956012223182841
0.9092547352621418
0.731487830694294
0.947579342414409
0.9461155711110234
0.9456991176218984
0.8107427686252273
0.6221034100463826
0.7461925621190866
0.9018245759474035
0.9371102574887684
0.8969605207171214
0.9508798750085583
0.9597324168623123
0.7755048774465182
0.9448897023687299
0.2774809461953708
0.9429002864427373
0.9096130799560463
0.9052354057160802
0.9072283310459562
0.8412056399487176
0.9612535183295824
0.9225242932184377
0.9527256486477141
0.7989233474838392
0.7916447613297061
0.9124919102494328
0.970615540745806
0.9385054194626063
0.9661313512591102
0.759194924118798
0.7703425630491606
0.8495610586733938
0.8623048446968005
0.941158108986358
0.9584079729860783
0.938725170932691
0.674621112173734
