0.9610336240268424
0.8709691190743243
0.9413392544882937
0.9107630276028151
0.9850684679531911
0.954501407728891
0.9405150034821107
0.9323691681335247
0.9559923379467693
0.9572975510589558
0.6219124622554306
0.9134989335439855
0.9185516510666528
0.9255694216815279
0.921907358096751
0.937616556981961
0.8698063309769339
0.9627325675912161
0.9387521406061378
0.9174826741374307
0.9689469563931503
0.967278240974441
0.8022478569450894
0.9099631786918331
0.9533927799578922
0.9133281202739213
0.9213090833913427
0.9412257620201256
0.9454046321541012
0.9642475583165276
0.9130216105220705
0.9042716262332583
0.7557969131275608
0.9582929786307811
0.956871765028069
0.8927018992106694
0.9152857032657474
0.9367844897045646
0.9458068823257588
0.9334761104719339
0.8450202710181177
0.7435598806854977
0.835530135869628
0.803791820804282
0.9174285983073339
0.9347717413716693
0.8216861939939043
0.8692792726560506
0.8120548163617826
0.8636187709738148
0.749172701378089
0.9382512949784197
0.937301841272694
0.9412277075045903
0.7847407088181451
0.7239534989976132
0.8887567448835825
0.8858122220243421
0.9403695875430593
0.9327565227957255
0.8686283780987865
0.9174081847456689
0.8081204538126925
0.969032962433984
0.7923992690381753
0.889872181894183
0.8973660574407112
0.8810970704350256
0.9265881022445381
0.9278684327406773
0.8807293214675969
0.9212969643185439
0.9257406766717315
0.8784333924445022
0.2660698770001686
0.9279267725139946
0.9481419083955283
0.946882598671911
0.9122698463163703
0.9147919639040394
0.9344313068902592
0.9239644532424633
0.9450942603279563
0.8856580050957458
0.852548772945085
0.9516143997220078
0.9380471472315798
0.9501311389650776
0.9232930777873608
0.9615606949304019
0.8871094053899284
0.8363214909455654
0.9106248353320956
0.7803062824196305
0.9119521602374675
0.8286194937624239
0.895024501710999
0.7171498840751152
0.9114058050759566
0.9144047420581285
0.9205021909615914
0.9134446245313594
0.8796184507941883
0.9428206922544448
0.9300013240246527
0.9089701295388988
0.8736888996494571
0.9445026178138286
0.805960300381517
0.9137742168328371
0.9274903858987109
0.9274780463686133
0.9160900915005884
0.8620220588100584
0.9075956038104516
0.9219626003310013
0.9071973720202512
0.9613027522062182
0.9655229246445775
0.8870663036526788
0.9091605329074868
0.9046548382557512
0.9455362632813427
0.8991734560112712
0.8893811637181246
0.9246578469670432
0.8678593434471388
0.9036408858502292
0.9165387251965231
0.9130727732842022
0.8901782650198861
0.9521744636867919
0.9477588526819665
0.9337949503713697
0.8342834525795265
0.8344519734273111
0.9040223346623019
0.9638711679821342
0.9563304562342452
0.9498175034688905
0.7727186307527232
0.9188786897790683
0.937229578766841
0.8880179612453954
0.8844473247192861
0.9193009352670687
0.9234760733714781
0.9199112175259693
0.9478473558278817
0.9299678222538001
0.72829741179867
0.9273973001170095
0.839715757358929
0.9627541565437697
0.9403153842883621
0.9183468046615004
0.9462306059471164
0.9489399103113303
0.8738000266588033
0.9388575841274989
0.9185196513947828
0.9388500383026287
0.8826701556757596
0.7562612343829923
0.9229242735766122
0.9632591417019901
0.33383347146937586
0.9544549168085916
0.8363297406049299
0.9521296294658577
0.787861438850323
0.9691884938604175
0.8910831709671493
0.7097119211689795
0.8915410373592741
0.8345669770083971
0.8830556072095567
0.9306706398992091
0.9765753307951011
0.9170984013091698
0.9382254152963729
0.8686338411467696
0.9092198401346054
0.9474971280348461
0.7986513887632848
0.9091768830010057
0.9265268463611217
0.9525474120967966
0.9267747145852563
0.7631293440401873
0.9519533561317718
0.952345424037849
0.944182630720473
0.8738348031417285
0.6900902156665635
0.6399942306080613
0.8282109229748623
0.9383837958850796
0.9064861373935357
0.948494622641886
0.9635594944237107
0.8063349215701083
0.9409233398102117
0.3491596378986778
0.9443618838956809
0.88295571046133
0.9049639685118935
0.9283480521214691
0.8867708222858671
0.9384161359998429
0.9149223583650973
0.9686034240884818
0.898442405191283
0.8938795468778797
0.9173432050019118
0.9694782711062221
0.9179283679495892
0.9680256527977744
0.7908205868197239
0.8689622781046628
0.7802990520686212
0.8627436214731594
0.9291568385926742
0.9657634302588386
0.9400525473683615
0.791007417126196
