0.9904686035734559
0.9294470781705041
0.9312975364388755
0.9194379985633404
0.9823362956582123
0.9807175793642948
0.9749294281147842
0.9856669818573928
0.9458071693788163
0.9807924388739835
0.7798174801616508
0.9470569407171342
0.9529600001659906
0.9678039800996318
0.7602294569258762
0.9699705833032534
0.810280805260703
0.974586048606112
0.8858363089681196
0.8359276342277433
0.9549103001429964
0.9751298281335432
0.6341034474224272
0.8847267596540381
0.958434533843437
0.8806494633203447
0.8585337679191057
0.8050040320877849
0.9589841337432371
0.9181037705962558
0.7945434625285936
0.7773520412637954
0.8436724805024357
0.9331488564642738
0.9600243263001527
0.8467560341549387
0.9043935258821267
0.9487381674452264
0.9844342432617668
0.9778180019266424
0.943911486945044
0.703212697378901
0.8976573806250777
0.8151815640618558
0.966854280303081
0.9537632288948765
0.885885319462509
0.8810759469352659
0.7880473737076735
0.8738562508583272
0.7443577011680902
0.9750648302579344
0.9659608479228929
0.9721682326615573
0.9460225429793802
0.5584529390791081
0.9490775645499623
0.8828337472585891
0.9716995091980751
0.9808618331218236
0.9333538919588673
0.7870819345549587
0.8792028870972446
0.9453333383450956
0.9166954060085607
0.8640903176468505
0.9498795312147016
0.9045864721419016
0.8873189580045144
0.9483152989957526
0.9182213489459748
0.9485783394939588
0.9063179576710609
0.8833682791098751
0.1750147890306967
0.9554532658432394
0.9042608888706087
0.9593099308252147
0.9351252513390699
0.9738739140362751
0.9778556242801865
0.9599486628161544
0.9742272417975324
0.9226429682071767
0.9305511219760915
0.9778457767283152
0.8550610183822694
0.9876451717503747
0.9857596231893038
0.9819886085016188
0.42156997548807534
0.9333319194195889
0.9655176030556621
0.40851385260677614
0.7432609092443804
0.9149838187557046
0.9458673641383795
0.8129779319639628
0.9555895460522569
0.9728098243359213
0.956384744830554
0.8099449635833075
0.9587275858283844
0.9757475201604298
0.9706790782378818
0.9435357152230546
0.9287534626903106
0.9590943580811658
0.9393371318001847
0.943044102718349
0.9471347191666512
0.9348140773703536
0.9656740361765745
0.8002120086446766
0.9015951179117427
0.9493982730613891
0.9306163279454038
0.8960599240195616
0.9708516878499416
0.9060445969593485
0.9512904561865594
0.9309002924114357
0.925738847975885
0.9437415897792583
0.9260363148568018
0.9441985122420891
0.9376103881950707
0.9493395889036313
0.9648683748333126
0.9589095473920444
0.9774956547080618
0.9764908820678184
0.8634997399180813
0.9595108877722132
0.8753159946195423
0.9245441561643861
0.910492221039916
0.9762043936873526
0.9684500480849485
0.9692979912437768
0.43889433777832915
0.9769120277133259
0.9745892527334941
0.9590799602015074
0.960455465928734
0.9602585482787365
0.9594484289647467
0.9457869922196943
0.9710017564101258
0.9499004848918297
0.27626721225116796
0.942960230218443
0.9161161292035168
0.9879192256179832
0.9647766523256445
0.951973024105384
0.9825211955102264
0.8878616639154944
0.9076772115643108
0.9816702651967577
0.9808862456105026
0.9336004241863919
0.9360595549509411
0.8911903637574008
0.9582682990958672
0.9435251387137857
0.5050592859881433
0.9162264780460134
0.9580804061250051
0.9566202703802178
0.900611645586723
0.617785109120167
0.9458026846672584
0.9266479203236176
0.751612264509768
0.9197963004715698
0.9076323834075145
0.3978050508966361
0.9880066266761459
0.799036569085025
0.9289804041233279
0.9363091991985146
0.7421305734823924
0.8315511311169244
0.8908938999562592
0.9355339535462653
0.9489306173129577
0.9891476670599587
0.9492022396006007
0.7770140427187239
0.9654489875323417
0.9731835667515152
0.9334086457247742
0.8817762510837246
0.23440361905014245
0.8979280231236025
0.9159717725628979
0.8551575696764832
0.9375316165665407
0.9280191756496584
0.8915950798103555
0.8199220265470374
0.9519402358331999
0.3933035731295393
0.9770198128424149
0.9129770828623592
0.9503080085499809
0.9275097329758532
0.8388732958875108
0.9721887652862291
0.958084751071097
0.9699228830328623
0.9345947979777742
0.950850734283217
0.7276934259057123
0.968700274490032
0.7741590491074712
0.9848600232368325
0.8733353888932671
0.949373125399213
0.8386071544383853
0.9479282271380524
0.9505848128983919
0.9089973832660977
0.9774446199536309
0.8345372929734852
