0.985432511489169
0.9212322943186609
0.9346865017411364
0.9049051305510792
0.9650557633825987
0.9827510784456914
0.9757133301335935
0.9839092186932503
0.9718229361484104
0.9819785667946098
0.9478294384198589
0.9424683554128868
0.8640254358875922
0.9703315856662809
0.7268949714336933
0.9713922365417369
0.7948742112579538
0.9719258399987252
0.9274032339492375
0.9246435666674079
0.9622389466576275
0.9217857155167299
0.589887846952806
0.8741242457819408
0.9561361512178066
0.8782892727882293
0.8849338061644623
0.7553550788768347
0.9548535321268636
0.9075663975438448
0.8218900331899284
0.6287064523796508
0.7846204683297375
0.936319038267217
0.9586870419417696
0.8347045475407322
0.8909991773227682
0.9410675716454021
0.9845544247137715
0.9766543616962905
0.929387761787729
0.7044708408989611
0.8751038153072309
0.8075509498503606
0.9671889059078156
0.9500652825261965
0.880263075395639
0.8629757262367133
0.7865730994015007
0.8593253436921773
0.7391669489876295
0.9723051827381616
0.962904347127751
0.9730360419929733
0.9409385898720228
0.5535447534612497
0.95215619416784
0.865634450183962
0.9701282299858611
0.9802237827505315
0.9096084453418778
0.7910769993912177
0.8497680808436167
0.9520212718180303
0.9176495580242175
0.920783680456254
0.9260897276342412
0.9004163188884025
0.9039692729164782
0.9634206805579822
0.8974768537167175
0.9461855965609588
0.9056161125273495
0.8129240690238697
0.1884432836131025
0.9518879723096344
0.9358942558264147
0.9631213297391464
0.9383077416330701
0.970223738247905
0.9749881582901885
0.9625804299710022
0.9567007229453336
0.8772795152130677
0.9300015466876965
0.9706317363631501
0.057699198677874396
0.9887521670329087
0.9854905643374291
0.9815658142337379
0.5565624334124719
0.8135495917360421
0.965214520737817
0.3957332445336324
0.7429852684966775
0.8634903256341901
0.9431532787596933
0.82141747397438
0.9536541223999945
0.9729022616247447
0.9477693608025547
0.9304554661142741
0.9557502405865689
0.9769970977679334
0.9451782168502585
0.9425468396139184
0.9036239196039555
0.958428694422542
0.9214214382168676
0.9443289039176651
0.9168251040855201
0.934414699380006
0.9616529740449306
0.8082004261667086
0.91557464874823
0.9524991056040061
0.929140227205317
0.9014129087755908
0.966691017068455
0.9140310723496176
0.9666697139310508
0.9211656269884188
0.9821282383365426
0.9474016946297656
0.9313332998168808
0.8686641614670693
0.9324916814647408
0.9482818708706241
0.9632237147151106
0.9580883997080836
0.9763636017542526
0.9767429238031504
0.8446693865597388
0.9560360343524317
0.846716903084386
0.9093447044157136
0.9054631520720235
0.9804870311334246
0.9675276839250275
0.9725956435285777
0.282245347398437
0.9765680743998699
0.9549751122922275
0.949830195820924
0.9601410294620202
0.9617813186068764
0.9324312340513436
0.9424274415702777
0.9599935258036331
0.9459552296141889
0.29927960311864
0.9426379670262618
0.9267712108935559
0.9875269272665096
0.9506383434784056
0.9137497242589001
0.9820843040155365
0.8915364769477885
0.8300530404823344
0.9808115887860811
0.9786656803168103
0.9321857559375133
0.9182566809772597
0.8904458221379855
0.9511904125513725
0.9527619240548285
0.5283708543031824
0.9264428971219443
0.9440516698469175
0.9243568626280155
0.8968485518076523
0.7138306507825125
0.9470033745693412
0.9380549624777295
0.5835250314844034
0.9246400503897554
0.9218957823390993
0.41979302392709705
0.9879801387884256
0.7334238366707596
0.932660732696391
0.9250420753251257
0.7563940597015919
0.8737934767854959
0.8927143534261549
0.9390176360573425
0.956654941245731
0.9911559917541126
0.9465532800460998
0.74343133413715
0.9657472937363942
0.9747801306389923
0.9434424018231735
0.8647430493563356
0.16369473371480497
0.6549815246243235
0.9477523152179589
0.8790307799278066
0.950522308023226
0.9148006796462427
0.9463938393875095
0.8224638954930845
0.9494979809522124
0.3900245733587342
0.9770249665553031
0.9005586709135202
0.9488001106542066
0.9296547666648954
0.8266696295007178
0.9634772243161631
0.9530227690784497
0.9365590791526405
0.9253409821772058
0.9395144516084039
0.6250375758915137
0.9705289332530769
0.8701476747443575
0.9831130068451663
0.7584082288583569
0.9433026294185953
0.7809611009969801
0.9501121696315711
0.947388450535453
0.9601738475639182
0.9721006745951748
0.8180778618292343
