0.9922782917016718
0.8668392567791892
0.9454130502777878
0.9179519338098486
0.9895344828026998
0.9679844093235983
0.9215561522806337
0.9836867862000894
0.9658251079997657
0.980253506034593
0.26377014706400387
0.9380243335184025
0.9820515835233138
0.9546926067430446
0.7469245451667865
0.9784681694258861
0.90325626888283
0.9787365051367722
0.9368547268637006
0.9203730049585144
0.9746085329773928
0.9787195665506689
0.7065138773419494
0.904625864280535
0.9659497718870983
0.9727149474307951
0.9522031888667871
0.8433301311855788
0.9664191785862077
0.9527932946090815
0.9144697865566183
0.8538993411655462
0.696354829169299
0.9504291322130725
0.9704082481742509
0.8640342253838154
0.9497620394991929
0.9703903980212412
0.9803425104127989
0.9642089890039375
0.9358118080754396
0.39451902189789106
0.9124186208137213
0.8269079987242877
0.95677404570888
0.9503170757084692
0.8817399630671838
0.9008814352818003
0.7383790598188592
0.9166686752345181
0.8324842764202972
0.9676195565153898
0.9533992785192904
0.9729647825602699
0.9122145629107186
0.5492470590151859
0.9547711213905342
0.9215640825979624
0.9759742577930062
0.9718105628440579
0.9450679324054061
0.7920074902964238
0.826934479095837
0.9625518143256753
0.9346303367706197
0.925185643741594
0.9111109171974794
0.9034234511107514
0.9333719097842519
0.9778479379729693
0.8867446810960641
0.9502593535543774
0.957526703840003
0.9383051967890821
0.22635335169106624
0.9620751693952111
0.9392142716384235
0.9731790544560769
0.9240510907828831
0.9540910437822318
0.975992117553309
0.9282622213511014
0.9300092784947364
0.8287959429167385
0.8616300373945499
0.9822414216010147
0.9538813897277858
0.9867487846881722
0.9787205956817133
0.9751222000801819
0.9511526494667699
0.8834874514395816
0.9445753647134001
0.44687165930016676
0.6950800011561409
0.7484905862905393
0.9458289656494739
0.7530751018564287
0.9540090431466379
0.965780876680949
0.956584975717342
0.9845803328320286
0.9755042180632149
0.981242175614798
0.9346773084492702
0.9520870832242506
0.9479683271853917
0.9590945856370882
0.868014196219943
0.9277993362137696
0.938267219843367
0.9523007321592522
0.9635328158085482
0.8963252072950103
0.9287285826185239
0.944520705251171
0.9352327238124691
0.9577740025704788
0.9762552051843589
0.9379918929671286
0.9534346256720658
0.9317526735693064
0.9812534742740093
0.9714911251897709
0.919833956867972
0.8882930004476021
0.9416988619557078
0.9374957693864001
0.963888048929691
0.9532368825673797
0.9722791728926686
0.9739424644299126
0.9825090490631386
0.9710530267431986
0.5949127739637886
0.9222377460784478
0.9187739067029036
0.9796528507109545
0.9721685142414923
0.9730581526061266
0.702761512358294
0.9692351484642576
0.9735421746832582
0.9244766592421686
0.6446351835728351
0.9424320112476794
0.97734291047572
0.9482331545497863
0.9788758793455079
0.9542406243658423
0.2844668512857637
0.9397636376794937
0.9325983418403058
0.98548898916077
0.964187697756062
0.9546358721901145
0.9784991340187196
0.8996418721416528
0.9326449679875317
0.9741174233073003
0.9808668093602645
0.9665099612899966
0.9055425966786084
0.8905850536487937
0.9286152788917043
0.9708661646203818
0.7662829222486511
0.9818098528116849
0.8914436432535737
0.9717761171673865
0.9047434437004115
0.9792577691398592
0.9553420800121928
0.9495297754788348
0.9474862722018286
0.8408216207562406
0.8277083426943073
0.5250505401879667
0.984191896645525
0.8471073189287966
0.9748443929392869
0.860109265719401
0.9698480415079246
0.9047118297302437
0.8901863179892949
0.9373863250200564
0.9523315173124884
0.9890603243362764
0.9558535661597674
0.8392611915086421
0.9674701646980242
0.9747437835294165
0.9624030821667577
0.9422481336008999
0.9304060438091236
0.7421001440256745
0.8636853677363586
0.9347485840243505
0.9504118486389158
0.9520113109159098
0.954080418616245
0.889334630570627
0.9581265667840426
0.3858927367993075
0.9747073513329075
0.9007508980232972
0.9392660479772522
0.9499538381203277
0.8808767410807599
0.9663441084779804
0.9601293581274003
0.9826690257155524
0.9122594333214178
0.936684059900428
0.9484753354785278
0.9777937200807131
0.9582313900283806
0.9843892528505518
0.8651130266580686
0.909836300579325
0.8033893468381593
0.8990364132471956
0.9557772795285456
0.9713381089554236
0.9753257820245096
0.8402980021898216
