0.9864411766228044
0.9316025019705447
0.9326843908728207
0.9160711463460118
0.9725050231508227
0.9855374135078785
0.9612533369411879
0.9848415037556492
0.964029596133923
0.9810540717614228
0.8838250940351752
0.9704159522323378
0.9542062588988882
0.9705486851302141
0.801341011274126
0.9751795553609499
0.8945233297915007
0.9773272581001298
0.9294655503634152
0.9191118166974515
0.9647531837080818
0.9690079065651247
0.6484193979542661
0.8657615436109756
0.9624307614595887
0.8963975211895798
0.8933387527637611
0.8566752932352649
0.970738433246539
0.900219580140755
0.9037360246557521
0.7476571644647003
0.8605781583730051
0.9481776779197697
0.9646353536924339
0.8396601753185237
0.9132585918556033
0.920582507321465
0.9855272056122741
0.9741830723307323
0.7795881515649203
0.8071643568648563
0.8702086899813993
0.8844394587218258
0.9655727718453309
0.9487050324450046
0.9082468394031822
0.9390750110969704
0.7096880107080455
0.8738728729553844
0.822785662565788
0.9784797406919431
0.948124685723309
0.9697841082304279
0.9332520662306293
0.5377599161822348
0.9578437394244453
0.9156625075478045
0.9730598453760054
0.9784965153067385
0.9219053365507762
0.6671134013330884
0.8718070937888065
0.9685385883071819
0.9323533366993656
0.935685045281809
0.9489794005545916
0.9109066025692518
0.9068437802259716
0.8109389094743795
0.9360220465474175
0.9528475878977763
0.9212619887621885
0.937286631228172
0.18580255798038303
0.9502163647506882
0.9080186406602112
0.9600227338738876
0.9351903094352723
0.9688614661899854
0.9748615693362765
0.9494506934190013
0.9718291730946098
0.9617997849595239
0.9236599605341481
0.9389168377350426
0.9606293620864305
0.9879576858215747
0.9852917771829601
0.9795719375750847
0.9351013853620795
0.8487865692597752
0.966525300055738
0.4469437897816077
0.7055608616430725
0.9140907891843876
0.9413699276009566
0.7716791477438967
0.9536765064237229
0.9752570294562517
0.958834780560271
0.9800416289508616
0.9631634993010125
0.9777759646462134
0.9668365291497818
0.9383702737325562
0.9494045180761108
0.9585685249824003
0.853717628783331
0.9345264811632124
0.9388133145135202
0.9306133154289338
0.9705916520868453
0.8551309187105195
0.9301517033031955
0.941765321382161
0.9571860220008306
0.9406521032090447
0.975034038864529
0.9117239948963992
0.8242272266498347
0.9339646862993458
0.9774536905147553
0.9388810678164023
0.9484567110185865
0.7156489672965473
0.9041618570952457
0.9569578301407217
0.9676340016121197
0.9587241209285065
0.973760046237686
0.9773637943210357
0.8163284761975093
0.9623002550944652
0.5857187542382757
0.9081070241810676
0.8829859389757062
0.9823028868078835
0.9711835222935501
0.9759020661580388
0.5660711624818942
0.9732067915726322
0.9794819388582272
0.9371251185084486
0.9515670458662366
0.9557926859410207
0.9724591429725504
0.951441994742609
0.9750142132755556
0.9501346947234008
0.42113161972546953
0.9440995746171728
0.8875362985006947
0.9876609747836401
0.9343103754466863
0.966778017846919
0.9824002124498689
0.8744785878780649
0.9542259431173612
0.981721327902987
0.9821781245697739
0.9613265527630779
0.9405870675835906
0.8952842031278238
0.9631997846312287
0.931881000318932
0.48532216985885424
0.9206156902434722
0.9569174732980641
0.9685430415329279
0.8841146124114041
0.9733418394155058
0.9677002863465838
0.9603560898488926
0.9394349636895388
0.9378893904610748
0.9435390106500388
0.3986004627749963
0.9869610253262058
0.8125000984813963
0.9330125224375444
0.8276577675252413
0.7900956032321421
0.8741912865063579
0.895888105679158
0.9148897567815564
0.9522939487533045
0.9628988719851413
0.9532076493818004
0.6950593589351802
0.9629358857895952
0.9749734957992421
0.9520751675137104
0.9310673967312166
0.7124307186130109
0.9210839281217159
0.9186597403493507
0.8997433607558871
0.9287584241603968
0.9204376506909172
0.8796241050245458
0.7409270249610088
0.9536670141599938
0.353521404321595
0.9690401212561947
0.9159169614002115
0.9488451171816948
0.9141747407793318
0.9140948453743164
0.9483258863100207
0.9585223743490303
0.983252051718718
0.9428285331514209
0.9318806310983242
0.9120182400812769
0.9710301339839467
0.9582427910821514
0.9851089277032478
0.8606502647692653
0.928397594972313
0.7891814673890765
0.9503028577824505
0.9530219194486426
0.9083202013082812
0.9803101189843779
0.8740888234710157
