0.9855661631692156
0.9343409725718244
0.9314498645369786
0.9341548534808105
0.9720799831568807
0.9802902108279127
0.9637135340439127
0.9843305719932978
0.964061565829245
0.9817312215170659
0.8035399682752749
0.9765509043040795
0.9352037663746368
0.9689584258030518
0.8211013140579615
0.9758071346064726
0.8903676778575023
0.9773331337063051
0.9255144318734865
0.911547974494202
0.9571280427374298
0.9634671799304433
0.6440606876615669
0.8779299289184505
0.9632212569908811
0.9140962051569507
0.9169240369376089
0.853757094302675
0.9603397767992359
0.898896268848762
0.8931693809874678
0.7105067127018162
0.8740050403878069
0.9479421252382944
0.9671069130176193
0.8596235856949815
0.9259143634953156
0.8471821658088996
0.9865242453406637
0.9753756589909504
0.7629506814958414
0.8099741743409872
0.8600563528256734
0.9234732473060038
0.9658045266348192
0.9492827460486776
0.8907717577812398
0.9411193966088865
0.7850741120559216
0.8796434434787402
0.8344701471300624
0.9787000107946328
0.951697745877409
0.9700746942820971
0.9453901147358391
0.5733694228355765
0.9518254327770442
0.9079265831115434
0.9655120108599168
0.9747421197385897
0.9272311449722326
0.666881558224625
0.864557123207521
0.9687495904005909
0.938440104514154
0.9408341188914289
0.9454893143667011
0.9037028799248195
0.9035638808002051
0.739278689812791
0.9361507267505766
0.9448167181074332
0.9058121549919715
0.9253871076566529
0.20031138788947164
0.960373866434154
0.9009194411235573
0.9615327974637143
0.9400191678846954
0.9712052349853391
0.9745452128625046
0.9506524350218833
0.9649472045793966
0.9612392589762433
0.9151319117510832
0.98181627798111
0.9572290195141074
0.990301849123319
0.9857948619609258
0.9785323389187354
0.933727041200815
0.8813653721499023
0.9675566861803389
0.4333105669019437
0.686326647468986
0.8664322685453536
0.9423002174287158
0.7892468042118408
0.9528174613252806
0.974468837140266
0.9459402508962417
0.9907518670044831
0.9621047137702511
0.9756964037705094
0.9666413638120404
0.9428395780315731
0.9550394639630829
0.9591009149022665
0.9171282364052851
0.9376199144749097
0.9418721656923992
0.9241565703604306
0.9703877108202847
0.8675026208740131
0.9216619844950086
0.9478252736313266
0.9443667749382645
0.9413673366840459
0.9751989894774341
0.9113894737050743
0.9399957014393181
0.9316745827279094
0.9777915028240101
0.9390342941769769
0.9712847917886835
0.6653966965769044
0.8738001959400761
0.9599555846813411
0.9663598208654804
0.9586671590183786
0.9715397320753258
0.977012148000862
0.8805778440917507
0.95592294981366
0.5162732417009176
0.9124776480227254
0.8886835300710934
0.9815830088947148
0.9711006940200833
0.9756069511232349
0.5441368910114266
0.9729220168874549
0.9784834038319467
0.9366854212145683
0.9514811642230764
0.9581107158319533
0.9765423035568774
0.9475826942392788
0.973232122345583
0.940659487984708
0.42569495303127963
0.9434077263841324
0.8777207005366581
0.987522484585597
0.9591266722519792
0.9666478372341029
0.9809792731333519
0.8768968170791962
0.9428054991180909
0.9809469234975171
0.9818245154241422
0.9669116437818792
0.9303225441983993
0.8939164129085899
0.9610602657859194
0.932097408635252
0.4821008835922471
0.9105419703908475
0.9610595300519982
0.9688958250917589
0.8744622679051648
0.9724742193315622
0.9662541150274884
0.9605013450751075
0.9412117447875326
0.9399082933413867
0.9431977677832964
0.3900956044641913
0.9870528681028593
0.7881949833636136
0.9277542256128691
0.8717970591100375
0.9087750459780044
0.8500018182593074
0.895554178646356
0.9167348560599579
0.948759016529374
0.9862690647536347
0.9548778961039049
0.78958538433648
0.9623105107113956
0.9732987201548438
0.9438777313443202
0.9386618458218199
0.7885476053405681
0.8654618373735479
0.9208881393744962
0.907747466573449
0.8960344525939107
0.9228927551405937
0.9164637657671395
0.797109871536278
0.9528773786044004
0.3538084888940635
0.9677961702989083
0.9155119040550872
0.9516466958715047
0.8847720331918677
0.8998603601201394
0.9490455674259104
0.9577884981987648
0.981511740901395
0.9571504647015876
0.910189125453477
0.8963420551784889
0.9732768493868323
0.9476383025743959
0.9864109403282606
0.902966439325568
0.9401885808094603
0.8871296481593874
0.9488398482423998
0.9493507628263458
0.8842767034528941
0.9813796555447292
0.8800438470599056
