0.9921036772066482
0.8163798089332277
0.9464685146857822
0.8895981897976254
0.986826235563561
0.9731073287326222
0.909635732783739
0.9832621994536689
0.9694908705734364
0.9793177457647988
0.881351035070441
0.9247978993147883
0.9682903888117983
0.9640580914431696
0.8737387934920354
0.9776488509567574
0.8715115250653809
0.9791506653279796
0.8061113437273013
0.8141822351562804
0.9767875618027931
0.9781912098030835
0.7128344131213202
0.8787922451198672
0.9684268347448689
0.9759252800196015
0.9602158266340308
0.8131735587696938
0.9633748430483257
0.9468973647833626
0.9250131227412014
0.7991291499602237
0.7040392255716144
0.9669893388390011
0.9662880977732259
0.8371055498423073
0.9497304590665396
0.877479087991561
0.9811512953806438
0.9631853203965992
0.487795499481425
0.47189763238277194
0.9188469767944618
0.8262262401145539
0.9570332367094703
0.9474905431671377
0.8036829008709409
0.9122219107599172
0.7558872366645321
0.9066852697229296
0.7611942953366112
0.9646847459334718
0.9547972924818762
0.9705762051675972
0.8993414796947087
0.5413310083028576
0.9454683776264357
0.9238400345262366
0.9591480911436495
0.9695024727442539
0.9138117632457001
0.7641354476322084
0.8062117270057745
0.9679347017034525
0.9398527953899082
0.8823259582511672
0.9113328039477632
0.9030930428382351
0.923460363206278
0.9752261750182939
0.9046272716401544
0.9523750879864874
0.9448277952865002
0.9338271539583715
0.19538898297974835
0.955141144500599
0.9652344640103903
0.9521590429577389
0.9257255032551013
0.9572728147106906
0.9706703590119315
0.9464776851922788
0.9699613153689209
0.8553924157631213
0.855409533098992
0.9818506468984864
0.9736453006174971
0.9904479855462776
0.9790980237418839
0.9778033336326747
0.9379826039672574
0.8654452600630803
0.912567745327843
0.4023718854607399
0.7070465584303126
0.7962221083642551
0.9416031756958968
0.7178931462033057
0.945736129107683
0.9605546363974726
0.9499933795002752
0.9806724915272637
0.9694614855015049
0.9776976173026275
0.9399115615294161
0.9205066338525614
0.9451191431809516
0.9545779126013204
0.8690005887745987
0.9289352172492333
0.9370842605698255
0.950402406590638
0.9608522550454803
0.893467014910229
0.9230295556414794
0.9489614088414663
0.92725872072799
0.9707065954084061
0.9769069805012184
0.9318323136511782
0.9498241322352412
0.9213284043183373
0.9813402212697274
0.95589467768281
0.9186662867750329
0.8450958083870944
0.9394376142467501
0.9361263201063607
0.9634353061365087
0.9251986447644477
0.9717742182600471
0.9711766189441244
0.981742342864187
0.9760532612770062
0.44682613495082957
0.9022785924253482
0.8873138951218617
0.9806268430564052
0.9747448666230514
0.9747154425338497
0.7089320014564275
0.9694677872039998
0.9660957318224529
0.9302594225285905
0.9230444189096861
0.948953941491991
0.9721378525421818
0.9521710389940666
0.9807854284989044
0.9487350542537143
0.24314687258980508
0.9419207327738092
0.922067705501198
0.9838429518591271
0.9581263489103057
0.9602172328602301
0.9758719772956718
0.9139490328512695
0.8948680703755639
0.9728355874933945
0.9750477812930445
0.9621930456935202
0.9493284261123582
0.8965777460504774
0.9372778283280349
0.9747826478444301
0.4139774592327489
0.9790985909612528
0.8772451959991215
0.9730141966341426
0.8809526100670302
0.9799721594964731
0.958683225636613
0.8376152721823876
0.9194193761656747
0.9429078917595566
0.8929253030125688
0.44767699635835845
0.984972742881137
0.6335334424689308
0.977278768274616
0.8378288521901419
0.967276940363728
0.9414062567368641
0.898148319178717
0.9349037034651525
0.9540929704466697
0.9876513973481427
0.9564254123151239
0.7809057938891439
0.9733554966385654
0.9718476268715477
0.959957917122934
0.9376708306586949
0.925908430458306
0.8414428853811596
0.9335539107371603
0.9320142826720311
0.9364015762733233
0.9447041748743948
0.9704740243911794
0.8970961182986588
0.9576532906516888
0.37267139356915807
0.9690728303293038
0.9306950427710371
0.9379903684033529
0.9410880553773568
0.9380388356543496
0.949874954636434
0.9603551881144637
0.9850851515792586
0.8695639270565936
0.9093188425282304
0.9440845781830262
0.9814899732983178
0.9603244695698353
0.9864898037373868
0.8557174975915672
0.9178017500300996
0.8573828513483017
0.9382177453523627
0.9643531041078715
0.968104028836754
0.9754435110868512
0.7983876961863066
