0.9835121162404318
0.9372554886646788
0.9254845411968482
0.9189563047679246
0.9583018988376665
0.9807979670124768
0.9778775912559156
0.9822667578833909
0.9463235730545784
0.9825856378974825
0.7789831852897495
0.9438562180540397
0.8973683833103143
0.962977112140152
0.7727546603048498
0.9740877220321844
0.8200481885272869
0.9721499649955505
0.907009907941752
0.9369391754980285
0.9592051088159921
0.967727812913065
0.6317266043505844
0.8923722066960731
0.9519074469386712
0.8766500389161042
0.8893772166540181
0.7617290956682888
0.9528581808248889
0.8958192367738819
0.8070086169392865
0.8152338407250669
0.7627881904529359
0.8511828109762126
0.9624294297167002
0.8452300377296537
0.923295141270261
0.9232914194339129
0.9808922721031648
0.9794156965548715
0.951259181720456
0.595017659114535
0.806534855288195
0.8128165196225164
0.9702028557636415
0.9517543408107477
0.9039744265476544
0.8809125528656155
0.8130426936998788
0.9119311804371804
0.7347234641066448
0.9799482657084395
0.9529579011652409
0.9718734953975666
0.9454345874169571
0.5331999364246179
0.954950604420758
0.893404689226834
0.9653608789620471
0.9803772884528756
0.9382260471038704
0.655749416968879
0.880014674209114
0.9434884281516802
0.9006588212434467
0.8833735092094526
0.9027301570188825
0.9041689444298502
0.9011832685220398
0.9385185689158505
0.9388526758079128
0.9501079883543684
0.948861351980831
0.8824357925853552
0.40231876589690474
0.9520881320517843
0.9006337324162378
0.9505840016533084
0.9027453339440089
0.9404716976726839
0.9774111342409767
0.9549577147377548
0.9746494176739112
0.9016113703472401
0.9124209948273901
0.9853752734770511
0.9636015318318792
0.9924715897330588
0.9857815915308961
0.9813602457853636
0.9524476340911942
0.9137730001977326
0.9668754370473531
0.39388921259628906
0.7039166330472652
0.8655833878519928
0.9479034859747107
0.7874909530922782
0.9603917205208302
0.9684135563364068
0.955864446857115
0.9617133989650446
0.9530913365935653
0.9757128033465142
0.9011591012035213
0.9337507697166428
0.9299047307880528
0.957364729273463
0.8248569085999758
0.9375016774412549
0.9435003435041893
0.9199965629499592
0.9639668372159166
0.8755688312392407
0.8893232435849301
0.9544462091621708
0.9384153572655372
0.8671663883020615
0.9629564843344056
0.9018373904877924
0.9415396214113385
0.9326189557954734
0.9544908018820977
0.9320717848786557
0.9360774410156095
0.7908328878618907
0.9263717017003548
0.9565646010921756
0.9616679825549566
0.9610108867307098
0.9719442350903349
0.9736221612215603
0.8565085398328023
0.8902760080660206
0.7637508447120606
0.8020548308711335
0.9054800143603301
0.9798173968954705
0.9686599514736575
0.958592620965749
0.5894805111181655
0.9692749649019239
0.9778940468025688
0.9552784643595253
0.9389623055579877
0.9598097328852226
0.9543868637338501
0.9432556759233172
0.9764596023698502
0.939980812730812
0.3564500294523106
0.939102168986056
0.9292908170725172
0.9905517704140147
0.9638761921788696
0.9476773119694936
0.9789438055099395
0.8600078850260637
0.952107049145355
0.979420083727138
0.9690981008767736
0.9477506880874415
0.9383113985987075
0.887011048551912
0.9559949590337519
0.9631331495776755
0.4340426007575817
0.9269276337572572
0.9422138869273968
0.957557721772463
0.8862294742059682
0.6457544589944438
0.9607857860625184
0.9603009511625593
0.9343490282648319
0.9451095128841991
0.9179417509211777
0.4449025893522932
0.9882986400137532
0.7180766118435841
0.9260353939092636
0.842272893983457
0.9617194970426096
0.8678441687162954
0.9022500393146764
0.9406607613399208
0.9505584544908222
0.9912536323968224
0.9374440621750117
0.8387609159287568
0.9626824180043457
0.9682746146048791
0.9638830191544063
0.911044962323925
0.8329798738327797
0.9089892499702301
0.9228508421955525
0.9175736499066839
0.919151786678019
0.9269651023918649
0.7990752765530198
0.8342789011618821
0.952011803441444
0.3454467528842639
0.9766585951251823
0.8824787668858427
0.9439683179932449
0.9072664312685081
0.7639259701844554
0.9711495843076547
0.9584733426817386
0.986708784664686
0.9583249563332064
0.9409495509976536
0.8093098417863644
0.963017672324758
0.9543003714324763
0.9820788801382236
0.8876957486427745
0.9462743544598169
0.8159442185835635
0.9372179862289154
0.9534148140263613
0.813763987493923
0.965741555012051
0.8508118487719103
