0.9887114442946197
0.9279213509826164
0.934161253083095
0.8996833434257336
0.9886569373940046
0.9788500041903239
0.9507367547692689
0.987397697522638
0.9595591658036808
0.9825608209447604
0.8108041327092869
0.9417929940601617
0.9781600646229363
0.9601506835351784
0.8831978505292039
0.9750420314699486
0.8655641572436953
0.9785433940970067
0.9092027274030774
0.9403719683206881
0.9614725317386068
0.9688296084342085
0.631791828485023
0.8881109363874384
0.9542851684420165
0.8816902175281587
0.8529963808292671
0.7866671315299328
0.9520281910999671
0.9240688978954762
0.7998769708044233
0.7948052525852448
0.8184431733078994
0.9310565679720961
0.9462780153849517
0.8353192498512406
0.9140126028781442
0.9291561416731547
0.9855998622259218
0.9750586008687352
0.9489258729732317
0.667320111471712
0.8874750892011747
0.8183768575066679
0.9668247372622997
0.953014575122669
0.9090228999148976
0.9046438379136827
0.8250126113475547
0.8812890318319248
0.81375037113845
0.9768165116947549
0.9609851831559958
0.9625433024511386
0.947977252362491
0.49901931869891236
0.9557569681362766
0.8530387986967874
0.9713184995132637
0.9804695010932054
0.943602828981593
0.7374138470259749
0.8657824129960403
0.9426441214600119
0.8937154380924481
0.9268167622246953
0.9450169475840146
0.8953633850522057
0.8980200887655221
0.9664131388262016
0.910157646329929
0.9536653471759912
0.9209330303287488
0.8902816845167688
0.2208213437940793
0.9336768706445306
0.8731666389794374
0.9586406436238244
0.9316624945122284
0.9721756866534911
0.9775402301810671
0.9519822044075716
0.9675758663347337
0.8592544821409676
0.9050741706683819
0.9860353120412252
0.8390916572486027
0.9875024383719293
0.9858458108502781
0.9797215394524748
0.959997361512243
0.9301439805772433
0.9552354809831712
0.39064882737678985
0.7001326324757646
0.8952219067704671
0.9472707374908336
0.7955573497484337
0.953097626939849
0.9737460420640474
0.9543186313040544
0.981841709204706
0.9662295134697507
0.9776705101652808
0.9317731129496413
0.9303383846789199
0.9491357909696335
0.9581785816522009
0.8263509647791886
0.9381245636330954
0.9483970761083229
0.9350523033573012
0.9676483044323336
0.8850508343883486
0.918470720608817
0.9541601484647044
0.969951554962375
0.9655487460615573
0.9729204611832046
0.9000182801585084
0.9578507750382864
0.9321099522121631
0.9758162251951508
0.9441219647611773
0.929698498089882
0.6933237872317225
0.9336050588073647
0.9561006423274743
0.9566967312004417
0.9547256927698204
0.9727165036384763
0.9768413898402516
0.8798085146953222
0.9575790123906701
0.569769099609478
0.8611971573726234
0.9055156425822802
0.9819943549503313
0.9708487134329216
0.9562349898628963
0.6981573782762671
0.9725789083263788
0.978506865425718
0.9658885436740555
0.9471907816074908
0.9580782028482615
0.9657902270514085
0.9456043658579352
0.9612273197631191
0.9291189812739298
0.2892799887434602
0.9429877627896684
0.9185011259436822
0.987921129697382
0.9519221829161026
0.9606067945964263
0.9794076468280427
0.8613327365144113
0.9507021164739605
0.9797278175673957
0.9789771679517356
0.9708683931466092
0.9439685271602233
0.89183918909309
0.95539678476768
0.972393286832076
0.4659940780297712
0.939179853898142
0.9044185994525499
0.9615361874060755
0.8948366965714545
0.7715392434019978
0.9628951261810583
0.9378818782600774
0.9334923391734283
0.9281925355901998
0.9108227837149767
0.4101974674190468
0.9859554295561662
0.7694020170258759
0.9376743370913158
0.8297595791021499
0.9723237777511821
0.8483002854725942
0.8976914559046364
0.9178871202418567
0.9356104065496713
0.991902795069136
0.9470374463565748
0.810972744361329
0.9623993144469283
0.9742420683095159
0.8859755246755944
0.9188057103600662
0.926247622704177
0.825578891438437
0.8853345165357004
0.9248248063840334
0.9311580168165783
0.9250947141799986
0.9051175773378413
0.8116330598638405
0.9526834070881174
0.40648281523101937
0.9397946036876711
0.8840631978547481
0.9419575730388792
0.8712337075099035
0.8283242155428835
0.9583711388833914
0.955390105169274
0.9870584190547409
0.9226402908094391
0.9077681487602103
0.7785448251125086
0.9657884238992617
0.9548206924948038
0.9858001929631657
0.9021342469574923
0.9315937243039825
0.8091279040891
0.8876555707098295
0.9503482162693498
0.9113156054371248
0.9751985992172567
0.8521365010378891
