0.9847505319131219
0.9198986272018775
0.9142894347868293
0.9450357224029629
0.9538635633848696
0.9850081516915603
0.9753716747711925
0.9814921292516209
0.9460426768899287
0.9827366123272849
0.8482301833880213
0.9465654167981834
0.9443254041950676
0.9688838434971841
0.8740222791645786
0.9631402281389921
0.8191605007094966
0.9754726716082971
0.8865102403794137
0.9281694532173157
0.9402105372173264
0.9664931439651411
0.6151581615584446
0.8608225601154486
0.9566512154247357
0.8410682792933122
0.845745637784829
0.7562651296512655
0.9460430639351214
0.8652748487919584
0.7627033844745901
0.8032184679596525
0.8537478134507518
0.9146779287636815
0.9557852174940233
0.7796411032316908
0.8893627979114731
0.9603871572965413
0.9777038207181409
0.97720628271137
0.9357404811139433
0.7127990180367568
0.7279375090679486
0.8183016584629382
0.970212192790932
0.9525307653357256
0.8661971441616796
0.8279087573729484
0.8287838401254868
0.8553604472528803
0.7262428818732191
0.9753654636150946
0.9193658431251435
0.9605692609149448
0.9357645420808693
0.5350305251736245
0.9555267547410142
0.8540233123236725
0.9649456439204913
0.9742252551595816
0.8998079359481758
0.7096996989519835
0.8590043640049347
0.93201073805692
0.834418519213686
0.8871153127187446
0.935399795531611
0.9032760095807219
0.9030568626253348
0.9442194053916712
0.9446654602515311
0.9364230279311464
0.8840098335424311
0.8752910068230689
0.17779337566481085
0.9208577460996339
0.8712221284568518
0.9024530274547191
0.9357277461018402
0.9716687811121332
0.9749939876825053
0.9466284846798959
0.9718155001203544
0.9205371671433373
0.9062352450615021
0.9728080785163674
0.9475669749643185
0.9929620428014555
0.9832174394843758
0.9800948453224455
0.8206691665274093
0.9338211578668112
0.9685774999772524
0.3876544039265732
0.6692316248616732
0.8786168828274948
0.9350471827932808
0.7881097961278248
0.9560573151091487
0.9275918718351033
0.9594759862325613
0.6965477789529628
0.9581766848863394
0.42464299136441513
0.9162606097192927
0.9063905891556288
0.9434978275715085
0.9503071885660763
0.8619627158381511
0.9372065222771686
0.9484230292325034
0.9048584150712295
0.9632082562668326
0.8585978451027302
0.8938496848551126
0.9539973380318763
0.9407228033571081
0.8709947410932436
0.966797536343623
0.887083780470494
0.9310507374694553
0.9234752183835231
0.932691339014793
0.9219143161947322
0.9343645062464897
0.7039400194444158
0.8814992081478707
0.9567869660998896
0.9607550676443817
0.9549789654186488
0.968391829263373
0.968999982422669
0.828074023262915
0.8949634136176853
0.5519553464720306
0.7795099482547917
0.8866943905322101
0.9775499638976745
0.9682048190801343
0.9452934879212156
0.5936853118593712
0.9018833906395094
0.9776932855998096
0.970010677566442
0.9414452585490886
0.9607538547840148
0.9460379797907038
0.9420411214190213
0.9679189752256664
0.9218459454744171
0.2588079892269591
0.9404041185789753
0.9050958850398018
0.987865185675266
0.9638986071825089
0.9644258170107576
0.9794815710000375
0.8670544735359174
0.9403583052581483
0.9761259876129408
0.9719468437520191
0.9566040717589936
0.9476728453164083
0.8891856563052619
0.9606945913672074
0.9383366711862358
0.3191815297206685
0.8754827640360756
0.9389294078262262
0.9523619378889219
0.8722322140132179
0.7633926385683595
0.9558162010291843
0.9639048302906841
0.7672993479588941
0.9518350919926111
0.9266249419251988
0.3991085906892807
0.9724048852791501
0.6648678389650235
0.9145991295235836
0.8122516868763189
0.9209428619709187
0.7957103162618674
0.8474567225787049
0.9033750760059316
0.9309989302911409
0.9914166683016171
0.9394556555320398
0.6903931355577126
0.9574781436647989
0.9625253020525676
0.9487240555996624
0.8944182560931896
0.9209638787340673
0.8086398405963728
0.9297315744231962
0.7917956104582051
0.9013055701581745
0.902008952037048
0.781781805931565
0.8080404123449578
0.9272011414645392
0.32241755328040245
0.9526090947771237
0.9000286159022561
0.9315542642814032
0.8978526193568105
0.7584202181516354
0.9369339100512736
0.9527125466919868
0.9832178911264879
0.8888716825794306
0.8958612179678266
0.8007482313090675
0.9563573821269012
0.9331121068063913
0.9811746796101195
0.851993423479606
0.911421988556484
0.7852385265253009
0.9445156083386942
0.9081663574830232
0.8909373724289321
0.9111989695480579
0.8419711229512067
