0.9786348408773239
0.9325778587064171
0.9302123345777976
0.9375093767256572
0.9482480365580971
0.9767068498501037
0.9769459145535898
0.9820585149266868
0.9572873591319152
0.9828311834924895
0.8155124665082899
0.9445502154092686
0.9415251708063717
0.9640874699114966
0.7316236680558882
0.9754716439657536
0.8508422041505452
0.9765281992155932
0.906805275731075
0.942820204412771
0.9614965464249776
0.9669453543420921
0.6115696095827714
0.8873366580155683
0.9536680178086326
0.8744609488222976
0.8939583291379624
0.7804513617217087
0.9518470662406876
0.9218492524479899
0.8078141613477471
0.8159158435107896
0.7796900817371554
0.9084026373949244
0.9517928758643023
0.854441607623171
0.9243474406049413
0.8791638046747002
0.9795837412311349
0.9776013098186827
0.9492182943707637
0.6541975423388372
0.7304411440389927
0.8136168026244681
0.970578875792514
0.9523393369578471
0.9130383655620816
0.9100740149488188
0.8393598975074359
0.9056080136651169
0.7204334146280325
0.9787664220236577
0.9495773591236358
0.9731110912218786
0.9508910930182021
0.5210754463039824
0.955590307578668
0.873708920390829
0.9657450186054115
0.9787966749943389
0.9135709294939274
0.6554795392618038
0.8592540163589466
0.9409674642013341
0.8957636491974865
0.8777481102494199
0.9321598846727973
0.9002215513123973
0.9027568361635578
0.8439335788920788
0.9208883128373107
0.952702338500755
0.9068240820042338
0.8774425178003761
0.19549143039967817
0.9511403731783162
0.8737572225495026
0.9503624657266976
0.8840284423985637
0.9398078856070388
0.977229818612121
0.9529623036394081
0.9761636006823303
0.9210867786536017
0.9026611342395675
0.9860119082487588
0.9645103922664608
0.9900026622120927
0.9862834448061294
0.9809437313653551
0.947754875826196
0.9287922270106279
0.9673138526324349
0.3917134809346852
0.6613469778827464
0.7588326591033433
0.9461545313221368
0.7812866768213107
0.9594142612911905
0.965468159291537
0.9582629384559135
0.9814644997141195
0.955488514893173
0.9671490326476554
0.9033667996183937
0.9295493015638735
0.955225548102467
0.9471249608160693
0.8550303988951907
0.9423456532057191
0.9463031927417986
0.9178293560741212
0.9655875147069491
0.8747701526473793
0.8892805608060507
0.9458505245738809
0.9418159716200425
0.8637782054365464
0.9712109461772523
0.8991969075380958
0.964816344230655
0.9382777302726294
0.9356733107691074
0.9354192495413023
0.9231049935352816
0.7457598173082745
0.9296161746108659
0.9584748199743467
0.9645581194292381
0.9568015813547868
0.9749683352033185
0.9748716612538567
0.868972061641124
0.9452857323327796
0.8163219127333595
0.8256542121130612
0.923451932267856
0.9801676091781543
0.9676961217225666
0.94787154476703
0.6672182199248233
0.9696604573127776
0.976157198544167
0.9555247714503776
0.909796732536992
0.9602752083541307
0.960864952597705
0.9445342893645954
0.9764826524460589
0.9164004923888796
0.2673955842451122
0.9401297756773442
0.9239007201191944
0.9900501745170701
0.9550566902608225
0.9388838247860745
0.9777356764110172
0.8686782705063552
0.9509080596812246
0.9810593619530965
0.9794711926135166
0.9535903840380965
0.9327145640752359
0.8846066309476328
0.9532165315565991
0.959804241444706
0.41957449482166254
0.9311286672926143
0.9271033100111055
0.959913824635808
0.8960144328229545
0.638100415602815
0.9573547773620366
0.9639440937578615
0.9353139528189562
0.9367215379082334
0.8345265122211699
0.3946659299803951
0.9888497000793899
0.7242462366571026
0.9231345889465071
0.8334185324457855
0.9632436222121114
0.8159497409507416
0.8894209822917353
0.9138747771378282
0.9195715564198732
0.9915484307871466
0.9450516089218504
0.8155023268070878
0.9599298445149966
0.9674327224825645
0.9392416849611794
0.9236119951080065
0.8487473345985489
0.8993020642872805
0.9268914704855014
0.8951928872234394
0.9273426949880718
0.9293687498492098
0.8454021517776303
0.8520011822402846
0.9557868633115746
0.34412213748458037
0.975968722747621
0.8925396279680244
0.9461414640867253
0.9019660382310475
0.7790544603067348
0.9559597008160584
0.9554175003597188
0.9857527402375068
0.947590580663109
0.9478004300759882
0.7271948092759332
0.9613409332977169
0.9084173081331497
0.9833316882069589
0.8521743501062142
0.9447669726305261
0.8169704340593891
0.9437954058480514
0.9350000819504114
0.9076263218028582
0.9830747912876021
0.8372204510209151
