0.9872659599291956
0.922819089913256
0.93194838676401
0.9044646013790881
0.971743173846694
0.9712649636310423
0.9590763570563909
0.9875250394072123
0.9547188807085105
0.9819388349660424
0.8303536243876788
0.949207202434094
0.9697955499128013
0.9606197945469079
0.8450325531058265
0.9792196594223815
0.8688217253385665
0.9788749326099573
0.9253567980807975
0.9259160620435377
0.9430410752895234
0.9651597101592848
0.6458231976318288
0.8777491341427004
0.9601005365570764
0.9178012680647771
0.9122309166513409
0.7619069435915518
0.9614521820563364
0.9271696569011024
0.8634179020432258
0.8490362616273472
0.748114606522903
0.9262329916129448
0.9607032464901274
0.8510883732399769
0.9288378806849917
0.9573042519737954
0.9873128683988763
0.9762964382182473
0.9497817675719757
0.59312561902949
0.8649894713293813
0.8221590241492809
0.9690683074934159
0.9492273607300092
0.9210062956574144
0.9187071762043713
0.8518999601417886
0.8868749562886844
0.83389409695727
0.978220493141026
0.9602879256781003
0.9644414388730832
0.951765442247893
0.5387945208668582
0.9517654204776158
0.9019353404858375
0.9700961617636507
0.9786596987246783
0.9425138058734194
0.7530977166275696
0.8930515897205689
0.9466028966330368
0.9183431467905071
0.9359624525653192
0.9204837937297468
0.9071981869486858
0.8955840463013152
0.9496470903020577
0.922563581837239
0.953116620237592
0.8984870778588367
0.8897512475529558
0.22473840409475476
0.9416995667091745
0.865724359870168
0.9533241847142641
0.9290080384979574
0.9736373808740901
0.9777529366320101
0.9502550192532075
0.9748263072920094
0.8561035948071699
0.901175875306333
0.9851672976867424
0.9401006068430322
0.9853944048028094
0.9846956811442833
0.9794359920799685
0.9354580697248436
0.9159653555124541
0.961330448635377
0.4154020706877054
0.7238932721714482
0.8761653671237141
0.9486354249491528
0.7832199944549342
0.9562728407923443
0.9663917292815756
0.956249427339076
0.978785875766556
0.9603787826579588
0.9588840132651375
0.9324975347570696
0.9392935903303052
0.9557981077578249
0.9595916905109586
0.8374312706972739
0.9396208537808669
0.945984543360235
0.9276276395823723
0.9661802602392716
0.8600840745533886
0.9215188926329142
0.9546617948842067
0.9546039113236736
0.9183617057693304
0.975252607996764
0.9098733798840188
0.943350719308832
0.9315932196058765
0.9812849727209384
0.9390035523974313
0.9269486889412014
0.7878956828736222
0.9269681883599844
0.9571588967153504
0.9573195238205026
0.9608928406113213
0.972367722030405
0.9770648980634635
0.8891650572145694
0.9516059050171327
0.5628029703407266
0.9027201560262567
0.9011926563609415
0.9822524898384225
0.9691234465919649
0.961318493958121
0.71101504724488
0.9465560237919306
0.9771962428253679
0.9504982049859543
0.8737866116473013
0.9523833865659337
0.9622054947103809
0.9459314403516326
0.9759028639599862
0.9174532639651776
0.29089694996171145
0.9452477809315205
0.9164249637548212
0.9884266640478698
0.9616057292292552
0.9622305936204809
0.9819985175186803
0.8760551504544463
0.9388474853762819
0.9818078697322983
0.9828769356731742
0.9651126124481129
0.9326954436547205
0.8900650453457364
0.951755325021923
0.9670629366189278
0.5747184652844247
0.9631340319348254
0.9295965169849963
0.962385521502814
0.8876517994986665
0.915809985827138
0.9586530149548682
0.942662252145259
0.9454674409100159
0.9018171972874217
0.8971693830557347
0.37703908926701357
0.9877548391120585
0.7270245517916344
0.9329237082009249
0.8361572897722875
0.959245981657642
0.7688723721986225
0.8985146338645817
0.9306374478106698
0.9289425762153171
0.9921157232048743
0.9535278655369055
0.8189320474264994
0.9614926533728133
0.9758378290839775
0.9210073000812692
0.9277085075604365
0.6184286687723217
0.788022786787158
0.8959906255370377
0.9189699563524119
0.9516214528817842
0.9329960521361478
0.8136633665959475
0.8376307467547458
0.9552219139610513
0.35408167731060697
0.9711090225688003
0.9063423374753619
0.9482266576995688
0.9076579663238546
0.8640023507170264
0.9473125580588626
0.9555826638160592
0.983391563675275
0.9551731962106927
0.9296142561397672
0.7205347082178158
0.9667854440490475
0.8997151988038166
0.9860061336282934
0.8548669817880763
0.8576039215049291
0.8305564912454959
0.9355969824712047
0.9506197130093067
0.9121718040810767
0.9830234815095455
0.8525562046755982
