0.9852857241735375
0.9354388709975736
0.9321800979763776
0.9164698364831954
0.979230745282007
0.9794379462292898
0.9677779776736966
0.9842432185150528
0.9399944932685935
0.9826335917320541
0.8095329223329585
0.9460018749511381
0.9384393971498423
0.9674243908087167
0.6607723911639304
0.9759657332075921
0.8595064776693779
0.9722756041758956
0.916333054923405
0.940483872971581
0.9621414131569332
0.9679652960071703
0.6363274580951737
0.8784575278318805
0.9563980582357006
0.8767856659273316
0.9194407169950456
0.7812877262754815
0.9526236288291309
0.9152813707454894
0.8692988976384094
0.8018999555304633
0.8112832350745461
0.8652695211377267
0.9573875024479755
0.787459149293236
0.9376503240755583
0.9516904033899584
0.975685204068868
0.9766224842373177
0.9498912237256346
0.6366895072561857
0.8230306443731745
0.8154893925841602
0.9672975899983937
0.9556636348644478
0.9121585709292647
0.9035197674169226
0.8809643856766093
0.9081436413855992
0.8422037914019782
0.9790868538369196
0.9545397246697113
0.9723506369609188
0.9483977919711829
0.5291047674227342
0.9521008872287572
0.8916209914066365
0.9653791512075179
0.9802855568026086
0.9479302265134767
0.6591889452478763
0.8655459526882554
0.9388208273845772
0.9161214290346088
0.9044015063537387
0.9085728115022731
0.9054493403931739
0.8459094993456646
0.7883154625906482
0.9292836850966556
0.9500589009527567
0.9171322758102792
0.8950027375914352
0.2787116201715257
0.9479713432671415
0.8818620606549608
0.9336491594072855
0.9342832232544491
0.9643864510065744
0.975988238267501
0.9479958800250604
0.9759778276968792
0.8999701128797162
0.9058666477421377
0.986618184611843
0.9599095411046724
0.991495102803092
0.9855237058289749
0.9808168150606685
0.9447912942791217
0.9293727421378638
0.9663934191432888
0.4279089052463747
0.6919942641679708
0.8801322101832733
0.9484451960328794
0.7898378912454534
0.9602395357991876
0.9733745960739084
0.9580935946205251
0.9708213352810867
0.9570630300130345
0.9661481106696882
0.9097177699852249
0.9375248857165742
0.9490530545948861
0.952925207778962
0.8663780244749849
0.9452470343430746
0.9411335907470092
0.9220181439194333
0.9649215699888299
0.8532068446223492
0.9059031895685902
0.9493457502169035
0.9416798270033773
0.8881687549504003
0.9748217017660145
0.9034965369126241
0.9431708146908444
0.9389190438750072
0.9737168352796463
0.9411804860979048
0.9303250852628031
0.7152749571300405
0.9259527295335125
0.9585490886334207
0.9583268422801745
0.9583953638377094
0.9734085950209362
0.9764385837274667
0.9005387590683412
0.9383597262059518
0.7583583734201313
0.8561618891133432
0.9008873559442281
0.9811658727268452
0.9688029701928127
0.960564170534675
0.6435202169171917
0.928285494832686
0.9714329047332011
0.9526455456971573
0.9366448753108003
0.9557852867308305
0.9572285761809316
0.9478226293559279
0.9763614455630143
0.9284338338235082
0.24129097038658345
0.9426193702926833
0.9247266901921246
0.9891990336088907
0.9500816534001031
0.9548197918654798
0.9806286226965178
0.8807209897203466
0.9474149836114528
0.9787437326341487
0.9737432055525452
0.9720238227419209
0.9361832440930852
0.8895125211854509
0.956631048480774
0.9691463199902081
0.41962005472291053
0.9399312946037865
0.9440858382161825
0.961210970149409
0.8786623902384062
0.9150330345632085
0.9654620268666169
0.9485091939321305
0.9061331098095762
0.9449412726304541
0.924864571952562
0.4518216474038584
0.9860600146438218
0.6970873759221541
0.9258685201775352
0.8712333055334145
0.9774835811029593
0.8279704105231847
0.9023958323295829
0.9084488508862315
0.9404647648325454
0.9898943743885374
0.945608526411689
0.8260389682387924
0.9627850495238502
0.9699088680150245
0.9380067166402831
0.8997368807322451
0.9142113365763813
0.9173557893759415
0.910422895790992
0.8843920754003393
0.8875832517574893
0.9331420039015458
0.8255179292957884
0.8243013560026665
0.9548382002827642
0.37322926856043726
0.9688179043948855
0.8929105604876161
0.9484612215066454
0.8968850813494021
0.7572168210237401
0.9451099799220154
0.9537712156038756
0.9854368300783576
0.9462542287633773
0.9507253872970413
0.7553703907416728
0.964983480249027
0.8992162335816172
0.9848319479748333
0.8578558389378754
0.956494348151314
0.8376382504768145
0.9262891132114595
0.9486208810294611
0.9108991484826152
0.9540481447707769
0.819587967390886
